872 876
932 928
1004 1004
996 1000
1016 1016
972 968
1036 1040
1032 1032
992 992
960 956
956 960
968 964
952 952
984 988
1004 1004
944 940
952 952
976 980
964 960
988 988
1024 1028
1040 1040
1044 1044
1008 1004
1028 1028
1052 1052
1024 1024
1044 1044
1072 1076
1052 1048
1028 1028
1016 1016
1060 1064
1088 1084
1072 1072
1012 1012
1056 1060
1084 1080
1048 1052
1004 1000
1024 1028
1004 1004
1016 1012
1012 1016
1024 1020
1044 1048
1060 1056
1008 1008
1060 1064
1080 1076
1068 1068
1052 1056
1084 1080
1048 1048
1032 1036
984 980
1040 1040
1056 1060
1072 1072
1068 1064
1004 1008
968 964
1028 1028
1044 1044
1068 1072
1032 1032
1036 1036
1020 1020
1044 1040
1012 1012
1000 1000
1016 1020
1012 1012
1004 1004
988 984
976 980
988 984
1020 1024
1008 1004
968 968
1004 1004
1016 1016
1004 1004
996 1000
1012 1008
1028 1028
1008 1008
1036 1036
1036 1036
1016 1020
976 976
952 948
980 980
1040 1040
1024 1024
1040 1040
992 996
1000 996
1020 1020
1004 1004
944 944
872 876
872 868
904 904
924 928
888 884
908 912
924 924
948 948
976 976
968 964
968 972
976 976
976 972
988 988
980 984
1004 1004
972 968
996 1000
1028 1024
996 1000
976 976
940 936
968 972
980 976
980 980
976 980
1016 1012
984 984
1024 1024
1044 1044
1028 1028
1016 1020
1012 1008
996 996
988 988
984 988
960 956
944 944
1004 1004
988 992
992 988
980 980
976 976
992 992
964 968
936 932
916 920
860 860
860 856
956 956
932 932
972 972
1000 1004
996 992
956 956
900 900
920 924
924 924
936 932
928 928
920 920
904 908
916 912
928 928
948 948
960 960
936 936
920 920
960 964
988 984
960 964
936 932
920 924
936 932
932 932
932 932
920 924
932 928
948 952
952 948
972 972
976 980
960 960
952 952
948 948
944 944
968 968
988 988
980 976
960 960
964 968
980 976
948 952
1012 1008
1008 1012
992 988
972 972
1052 1056
1016 1012
1004 1008
1000 996
1000 1000
1000 1004
1016 1012
984 984
992 992
1012 1016
992 988
984 984
1012 1012
1008 1008
984 988
1000 996
1004 1008
992 988
984 988
960 956
984 984
996 1000
1012 1012
992 992
996 992
1008 1012
992 988
988 992
968 964
1020 1024
1020 1016
1028 1028
984 984
952 952
888 892
936 932
972 972
948 948
940 940
912 916
964 960
988 992
988 984
984 988
956 952
968 968
948 952
976 976
932 928
944 944
988 992
1036 1032
1056 1056
1004 968
912 948
976 976
972 976
984 976
928 932
960 960
948 948
968 972
984 984
1008 1008
1028 1024
968 972
980 980
968 968
984 984
1012 1008
964 968
960 956
1000 1000
976 980
884 884
920 916
1024 1028
1024 1024
992 988
980 980
988 988
964 964
1012 1016
1000 1000
972 972
1028 1024
984 988
1004 1000
988 988
1024 1028
1012 1012
1024 1020
1032 1036
1040 1036
1048 1052
1000 996
976 976
976 976
996 996
980 984
980 976
976 976
984 984
968 968
1016 1016
996 996
996 996
1000 1000
1032 1032
1056 1056
1080 1080
1136 1140
1096 1096
1092 1088
1132 1132
1076 1080
1120 1120
1076 1072
1020 1024
988 988
1060 1056
1056 1060
1072 1068
1048 1048
1012 1012
1000 1000
1068 1068
1076 1076
1076 1076
1076 1080
1044 1040
996 1000
1084 1080
1096 1096
1092 1092
1128 1132
1168 1168
1076 1072
1064 1068
1024 1020
984 984
996 1000
1028 1028
1064 1056
1036 1040
1072 1076
1052 1048
1036 1040
1056 1052
1076 1076
1072 1072
1072 1072
1036 1036
924 924
980 980
996 996
1028 1028
996 1000
1004 996
948 952
992 992
1000 1000
988 988
980 988
988 980
1016 1016
1012 1016
1020 1016
980 984
988 984
960 964
1024 1024
1000 996
1008 1008
1048 1048
988 992
1036 1032
1076 1076
1100 1104
1020 1020
1100 1096
1096 1096
1088 1088
1060 1060
1040 1040
1068 1068
1052 1056
1056 1052
1060 1064
1044 1040
1020 1020
1040 1040
1036 1036
996 1000
976 972
1016 1016
1068 1072
1004 1004
1040 1032
1000 1004
1008 1008
964 964
892 892
976 980
1016 1012
1032 1028
1152 1152
1228 1232
1144 1148
1084 1080
1032 1032
1092 1096
1008 1008
1044 1040
980 980
1016 1016
1008 1008
1012 1012
1012 1012
1060 1060
1064 1064
1064 1060
1092 1096
1076 1096
1092 1092
1132 1112
1044 1044
1040 1044
1044 1040
1088 1092
1104 1100
1080 1080
1100 1100
1048 1048
1052 1056
1084 1080
1076 1076
1064 1064
1064 1068
1020 1016
1056 1056
1064 1064
1048 1052
1036 1036
1064 1060
1040 1040
1032 1032
1048 1048
1048 1048
1036 1036
1000 1000
1040 1040
1012 1012
1020 1024
1012 1012
996 996
996 992
1036 1036
1020 1020
1012 1016
1048 1044
1016 1016
916 916
984 984
1004 1008
1032 1028
1004 1008
1024 1036
1044 1028
1068 1072
1056 1052
1032 1032
1016 1020
1000 996
1000 1000
980 980
984 984
1008 1012
1024 1020
1004 1004
992 992
984 984
996 996
1000 1000
1000 1000
968 968
956 960
996 992
984 984
992 992
940 964
1032 1008
1048 1048
1012 1012
1056 1056
1120 1116
1124 1132
1040 1036
1040 1040
1020 1020
1032 1032
1024 1024
1012 1012
1024 1024
1000 1000
1004 1004
968 972
1000 1000
1024 1020
1000 1000
968 972
1004 1000
984 988
952 964
1004 988
992 988
984 988
956 956
988 988
1000 1000
976 976
1000 1000
992 992
952 952
980 980
964 964
1000 996
1016 1020
988 988
972 972
984 984
968 968
932 948
956 944
992 988
992 992
980 980
996 996
984 984
948 948
916 916
876 876
892 892
952 956
988 984
948 948
980 980
956 956
996 996
1008 1008
1028 1028
1024 1024
1020 1032
1028 1016
1012 1012
1000 1000
1004 1004
996 1012
980 984
976 960
1016 1016
1012 1008
992 996
956 952
964 980
1000 984
984 984
988 988
964 964
976 976
976 976
1000 1000
940 940
916 916
936 940
928 924
924 924
912 912
916 916
972 972
968 968
1004 1004
984 984
976 980
1008 1004
1008 1008
988 992
1036 1032
1024 1024
988 992
976 972
1004 1004
996 996
968 964
980 984
980 980
996 1000
1012 1008
1028 1028
1032 1028
1008 1012
1008 1008
1028 1028
1008 1008
1016 1012
980 984
984 980
972 972
968 972
976 976
976 976
968 968
968 964
936 940
980 980
1012 1008
1048 1052
1020 1020
1024 984
884 924
964 964
912 908
888 892
892 892
908 908
920 916
924 928
956 956
900 900
944 944
952 952
928 928
904 904
920 920
936 936
932 932
960 960
984 984
1008 1008
972 976
972 972
968 964
1004 1004
1000 1000
1012 1012
960 960
948 948
972 972
980 980
972 972
996 1000
1020 1016
1036 1036
1032 1032
1024 1024
1048 1048
1020 1020
1020 1020
1024 1028
1008 1008
1012 1008
1012 1016
1008 1004
992 992
1016 1016
1012 1012
1008 1008
1012 1012
1016 1016
1008 1008
1000 1000
984 984
940 940
944 944
888 892
872 868
928 928
956 956
952 952
996 1000
1004 1000
980 980
940 940
1004 1004
992 996
960 960
932 932
964 960
988 992
1000 996
1012 1012
1008 1008
1028 1032
1084 1076
1056 1060
972 972
1040 1040
1032 1032
992 992
1024 1028
1044 1044
1052 1052
1048 1048
1020 1016
1032 1036
1024 1020
1044 1044
1020 1024
1048 1044
1036 1036
1032 1036
1012 1008
1012 1012
996 996
1004 1008
1024 1020
1012 1012
980 984
976 972
1028 1028
1072 1076
1052 1048
1004 1004
1044 1044
1012 1016
1024 1024
1024 1020
1024 1024
1040 1040
1020 1020
1052 1052
1020 1020
992 996
1004 1000
992 992
996 996
1004 1004
1016 1016
992 992
992 996
1048 1048
1052 1048
992 992
1052 1052
1040 1040
1024 1024
1036 1040
1064 1060
1052 1056
1036 1032
1060 1064
1008 1004
1004 1004
976 976
1012 1012
1016 1012
1040 1044
1080 1080
1052 1052
1004 1004
1028 1028
1028 1028
992 996
988 988
1048 1044
996 996
972 972
976 976
1008 1008
980 980
1024 1024
1020 1020
1008 1008
1012 1012
988 988
1044 1048
1012 1008
1020 1024
972 968
1024 1024
980 980
984 984
1008 1008
964 964
928 928
916 916
884 884
952 952
968 972
988 984
980 980
980 984
980 976
1008 1008
1048 1052
996 992
988 992
1024 1024
992 988
992 992
1016 1020
1020 1016
1004 1004
996 996
1008 1008
1000 1004
988 984
976 980
920 920
948 944
968 968
904 904
932 932
976 980
1012 1008
976 976
952 952
936 940
960 956
1016 1020
964 960
984 984
948 948
960 964
952 948
992 996
988 984
1004 1004
952 956
932 928
912 912
932 932
936 936
944 944
960 964
932 932
964 960
948 952
924 924
960 956
964 968
944 940
912 916
896 892
860 864
888 888
908 904
928 928
908 908
948 952
936 932
968 968
964 968
952 948
1016 1016
992 992
960 964
968 964
1004 1008
1008 1004
968 972
956 952
980 984
972 972
948 948
984 984
1004 1000
1020 1020
1024 1024
1016 1016
988 988
1004 1004
1004 1008
1016 1012
1000 1000
1068 1072
1044 1040
1036 1036
1032 1028
1100 1072
1008 1036
1024 1032
988 988
1020 1016
1020 1024
1020 1016
976 976
976 976
1016 1016
956 956
960 960
936 936
920 920
956 956
992 992
952 952
956 968
976 964
988 992
980 976
936 936
944 944
964 964
936 936
908 912
888 884
984 984
968 968
988 988
1012 1012
1020 1020
1024 1028
1016 1012
1004 1000
992 996
984 984
968 968
976 976
972 972
992 992
1008 1008
1040 1040
1004 1008
988 984
1000 1000
1000 1000
1028 1032
972 964
992 996
992 988
972 976
960 960
952 956
952 948
996 992
976 980
1028 1028
960 960
988 988
960 960
988 988
1044 1044
1012 1008
1012 1016
956 956
980 980
980 980
1008 1008
908 904
960 960
968 972
1000 996
972 968
952 956
1000 1008
984 980
976 976
984 984
1032 1028
996 1000
988 988
1004 1004
996 996
1004 1004
1052 1052
1012 1012
1052 1052
1064 1064
1028 1028
1012 1008
1068 1072
1076 1072
1016 1020
1048 1048
1036 1036
1044 1044
1060 1060
1000 1000
1016 1016
1040 1040
1068 1064
1060 1064
1032 1028
1052 1056
1072 1068
1060 1064
1076 1076
1084 1084
1052 1052
1036 1036
1028 1028
1012 1012
980 980
896 896
1012 1012
1016 1016
1012 1012
1044 1044
1052 1052
1068 1072
1052 1052
1064 1060
1052 1052
1060 1064
1080 1080
1100 1100
1044 1040
1008 1008
1076 1076
1084 1084
1076 1076
1080 1084
1024 1024
1040 1040
1064 1060
1044 1044
1024 1024
1052 1052
1056 1056
1020 1020
1008 1008
1072 1072
1048 1048
1124 1124
1084 1084
1096 1100
1092 1088
1088 1092
1096 1092
1116 1120
1108 1104
1088 1092
1076 1072
1080 1080
1104 1108
1104 1104
1116 1116
1024 1020
1056 1060
1072 1068
1048 1052
1040 1036
1028 1032
1072 1068
1052 1052
992 992
1028 1028
1080 1084
1020 1016
972 972
1056 1056
1104 1108
1032 1032
1052 1048
1060 1064
1060 1056
1068 1068
1068 1068
1052 1052
1084 1084
1100 1100
1056 1060
1052 1048
1048 1048
1052 1052
1048 1048
1028 1028
1036 1036
1016 1020
1064 1060
1060 1060
1016 1020
1064 1060
1064 1064
1036 1036
984 984
1048 1052
1040 1036
996 996
956 956
1060 1056
1048 1052
1012 1012
1056 1056
1084 1084
1032 1032
1048 1048
1056 1056
1060 1060
1064 1064
1088 1092
1084 1080
1040 1040
1000 1000
1032 1032
1056 1056
1040 1040
1024 1024
1032 1032
1020 1020
988 988
1036 1032
1040 1044
1024 1024
1052 1052
1048 1048
1004 1004
976 976
980 980
1012 1012
984 980
984 988
960 960
964 964
944 944
980 976
992 996
948 948
968 972
996 992
984 984
1004 1004
972 972
1004 1004
1044 1044
1020 1020
1012 1012
988 988
964 964
980 980
1012 1012
976 976
992 992
984 984
968 968
944 940
1016 1020
976 976
968 968
956 956
952 952
940 940
956 956
928 928
956 956
980 980
996 1000
1000 996
1028 1028
1024 1024
1008 1008
996 996
976 976
956 952
944 948
928 928
976 976
972 972
980 980
984 980
1020 1024
980 980
1000 1000
956 956
988 984
972 976
940 940
972 972
948 948
980 980
992 992
968 968
980 980
996 996
984 984
988 988
964 968
980 980
976 972
992 988
976 980
980 980
984 984
952 952
960 964
928 924
956 956
960 960
968 968
968 968
944 944
960 960
984 984
960 960
956 956
960 964
956 952
960 960
948 948
924 924
