740 740
744 740
744 748
740 740
732 732
748 748
744 744
732 728
740 748
740 736
728 728
744 748
732 728
736 736
732 736
728 724
744 744
736 736
744 740
756 760
748 748
760 764
780 776
760 760
768 768
776 776
752 756
740 740
748 744
748 748
728 728
724 724
732 728
724 732
728 724
736 740
732 732
712 704
712 716
712 712
688 692
708 704
704 704
692 692
700 696
712 712
696 700
720 720
732 732
720 716
728 732
736 736
716 716
724 724
724 724
712 712
708 712
692 688
676 676
676 676
664 668
668 664
664 664
656 656
664 660
668 672
664 664
660 660
672 668
660 664
668 660
656 664
668 668
660 664
668 660
680 680
676 680
672 672
672 672
688 688
676 676
664 664
652 652
668 668
672 668
672 676
664 664
664 660
684 688
700 700
684 684
676 676
672 672
672 672
668 668
664 664
680 680
688 688
684 684
692 692
700 700
684 684
676 672
684 688
684 684
684 684
684 684
696 700
700 696
684 684
680 676
672 676
660 660
676 676
684 684
680 680
680 680
700 700
692 696
692 688
688 692
700 696
688 680
696 700
680 684
676 676
692 692
684 684
692 688
684 692
680 672
664 668
680 680
688 688
680 684
688 680
688 692
684 684
680 680
676 676
688 688
692 692
684 684
680 680
672 676
676 672
668 668
680 680
680 676
692 696
708 708
720 728
744 736
740 740
752 752
720 724
708 700
708 712
696 696
696 692
700 704
680 680
688 688
688 688
684 684
700 696
676 680
692 692
696 700
692 688
696 692
708 716
700 696
720 720
708 708
708 708
720 720
712 712
732 732
728 728
716 716
732 732
720 720
712 712
704 704
704 700
644 648
688 688
696 696
680 680
656 660
656 652
668 668
680 676
676 680
676 676
684 684
688 688
684 680
704 704
696 700
676 676
688 688
704 704
676 676
656 660
648 644
664 664
660 664
660 656
668 664
660 664
656 656
648 648
636 632
644 644
652 656
660 660
656 656
668 664
664 664
672 676
672 672
680 680
680 680
680 680
688 688
696 700
684 680
696 696
688 688
692 692
688 688
688 684
676 680
684 680
680 684
680 680
676 680
680 676
664 664
672 668
668 672
664 660
664 668
668 664
660 664
664 664
664 664
660 660
652 652
656 652
656 660
660 660
652 652
660 656
660 664
668 668
664 664
668 668
668 664
656 660
660 660
656 660
656 652
652 652
660 656
652 656
648 648
644 644
648 648
640 644
652 644
648 648
644 648
644 644
648 644
648 648
640 644
648 648
640 644
644 636
648 652
644 644
656 656
656 656
648 648
656 652
672 676
704 704
644 644
648 648
660 660
656 660
660 660
664 652
656 668
656 652
660 656
656 660
660 660
660 660
664 664
660 660
660 660
668 668
676 676
668 668
680 676
684 688
672 672
712 712
732 732
696 696
676 676
672 672
684 684
680 680
680 680
684 684
684 684
684 684
688 688
684 684
676 676
692 692
680 680
676 676
688 688
696 696
684 684
680 676
688 692
696 696
696 696
712 708
712 716
700 700
692 692
692 688
700 704
704 704
688 688
668 664
668 672
676 672
660 664
668 668
672 672
664 664
664 660
672 672
668 672
668 672
676 672
680 680
672 672
684 680
692 696
676 676
684 684
708 708
700 696
700 704
700 700
684 680
696 700
704 704
716 716
728 728
716 716
716 716
708 708
712 708
712 720
700 696
684 680
688 692
708 704
708 708
716 720
716 716
696 696
672 672
680 680
692 692
692 692
696 692
688 692
688 688
704 700
704 708
696 696
716 720
704 700
692 688
728 728
712 716
704 704
716 716
704 704
696 692
720 724
728 728
728 728
992 992
832 832
812 812
804 804
804 804
812 808
852 852
796 800
784 784
796 796
772 772
764 764
764 764
784 784
772 776
788 784
800 800
788 788
832 836
816 812
804 800
840 844
848 848
836 832
856 860
876 876
888 892
856 852
896 896
856 856
836 832
872 876
868 872
832 828
828 828
844 844
828 828
792 796
832 828
808 812
836 832
848 848
868 868
844 844
876 876
904 900
896 900
884 884
852 852
820 820
844 848
848 844
876 876
868 872
880 876
860 860
844 848
868 864
856 856
888 892
900 896
920 924
960 956
916 920
928 924
900 904
860 856
892 892
876 880
812 808
784 784
812 808
832 832
860 864
852 852
868 868
832 828
828 824
840 844
864 872
856 852
876 876
856 860
832 828
844 848
828 824
792 792
800 800
816 820
804 804
776 772
788 788
796 796
804 804
792 792
840 844
864 864
864 856
864 872
836 832
868 868
856 856
860 860
856 856
868 872
864 864
856 852
816 820
848 844
820 820
836 836
820 824
808 808
768 764
788 792
792 784
792 800
816 812
824 828
812 808
832 832
796 796
804 804
784 780
804 812
852 848
856 860
820 816
856 852
828 836
808 804
816 816
824 824
828 832
816 812
840 840
848 848
864 864
848 852
860 856
884 884
900 900
872 872
904 904
908 908
884 884
888 888
836 840
836 832
832 832
800 800
820 820
816 816
792 792
808 808
836 836
816 816
848 848
852 852
868 868
828 828
872 872
904 900
904 908
860 860
880 876
844 848
884 884
856 856
872 876
844 840
836 836
800 796
828 832
816 816
836 832
864 868
904 904
888 892
876 872
884 884
880 884
868 864
812 816
828 824
808 808
788 792
792 784
796 800
792 792
760 760
780 784
768 764
788 788
772 772
808 808
816 816
800 800
840 840
872 872
872 872
868 868
856 856
852 852
828 828
840 840
840 840
844 844
868 868
884 884
892 892
872 876
880 876
872 876
860 856
860 856
844 848
864 864
824 824
876 876
860 860
848 848
892 888
916 920
896 900
856 852
880 880
880 884
848 848
872 868
852 856
832 828
828 828
856 856
884 884
860 864
856 852
832 832
828 828
816 820
812 808
840 840
848 848
836 836
848 848
852 852
880 880
888 888
904 904
912 912
896 896
888 892
872 868
864 864
896 896
892 892
892 892
876 880
856 848
864 868
864 864
860 860
820 820
832 832
804 808
832 832
804 800
828 824
812 816
824 824
844 844
824 824
844 844
852 852
844 844
836 836
828 828
812 812
832 832
812 812
852 852
848 848
812 812
832 832
840 840
820 820
840 840
828 828
796 796
828 828
828 832
800 796
816 816
828 828
824 828
804 800
848 848
880 880
848 848
876 876
872 872
832 836
832 828
812 812
792 792
816 816
816 820
796 792
840 844
852 848
828 828
872 872
876 876
872 872
868 872
848 844
812 812
816 816
876 872
864 868
852 852
848 852
836 832
824 824
840 840
816 820
824 820
836 836
840 844
824 816
876 880
888 888
888 888
896 896
916 916
920 924
900 896
936 936
948 952
940 936
912 916
932 928
904 908
904 896
908 912
924 924
884 888
896 892
904 900
892 896
852 856
856 852
856 856
800 804
832 824
812 816
792 792
792 796
792 792
760 756
756 756
772 772
768 764
812 812
832 836
836 840
852 848
868 872
844 840
860 860
860 856
832 836
836 836
840 840
824 824
852 852
884 884
848 852
848 844
832 832
828 828
804 804
816 816
848 844
844 852
848 844
816 816
852 852
860 864
856 852
852 856
808 804
808 808
828 828
828 832
824 820
808 808
840 840
864 860
888 896
908 904
912 916
908 916
896 884
868 868
836 836
852 852
864 864
856 856
868 868
856 860
824 824
848 844
848 848
832 832
860 860
844 844
864 864
856 860
836 832
868 868
852 852
860 860
900 896
892 896
860 864
880 876
856 856
828 828
836 836
808 808
824 820
832 836
864 860
844 844
832 836
812 812
804 800
796 800
780 776
792 792
796 800
792 792
820 820
832 832
804 804
828 824
816 824
820 816
828 828
820 820
800 804
820 812
828 824
800 808
840 840
828 828
804 804
812 812
804 804
784 784
768 768
744 748
740 732
748 752
800 800
768 768
796 800
804 800
780 780
796 792
804 808
832 820
812 824
800 800
816 816
848 856
856 852
856 856
844 836
840 848
844 840
844 844
840 840
820 824
848 844
804 804
832 832
808 812
796 792
832 828
844 848
848 852
836 832
860 860
868 868
828 828
860 860
860 860
820 820
772 792
820 804
784 780
800 800
808 808
784 788
808 804
796 796
784 788
804 804
836 828
848 852
872 872
872 868
880 888
860 856
924 924
960 960
952 952
944 944
916 916
864 864
824 820
824 824
828 860
820 792
840 840
812 808
800 804
772 772
768 764
788 792
804 804
828 828
820 824
812 808
856 856
872 872
876 880
860 856
876 872
884 888
868 868
832 836
844 844
868 864
860 860
840 844
868 864
864 868
868 868
888 884
860 860
876 876
924 924
932 928
896 900
872 872
848 852
824 824
844 840
820 820
848 848
832 832
816 816
820 824
828 820
836 840
856 852
856 860
852 856
876 872
876 880
884 884
860 860
848 844
848 848
840 840
836 836
848 848
808 808
848 848
836 840
816 812
828 832
828 832
832 824
820 820
836 840
828 824
844 848
832 828
820 820
820 824
808 808
780 784
784 776
768 764
760 768
748 748
744 744
772 732
660 704
764 716
676 688
668 724
732 700
720 720
720 728
748 744
760 760
740 680
744 804
712 712
716 716
708 708
696 696
684 680
696 696
704 708
692 696
692 688
688 688
692 692
692 692
716 716
700 700
716 716
720 720
712 708
724 724
724 728
724 724
700 700
708 708
704 708
692 688
696 700
692 684
668 672
684 684
680 680
672 672
684 684
676 672
684 684
676 676
684 688
676 676
688 684
688 692
688 684
700 700
676 680
680 676
680 684
688 688
676 676
692 692
680 680
692 688
688 692
680 680
704 700
676 680
684 684
692 692
680 680
684 680
692 696
676 676
664 664
676 672
676 676
680 684
672 672
680 680
676 672
660 664
664 664
668 664
648 648
652 656
644 648
636 636
624 624
628 624
636 632
628 628
644 644
648 652
640 636
632 636
636 636
636 636
640 644
640 640
640 636
636 636
652 652
636 644
640 628
632 636
632 632
628 628
620 616
620 628
620 616
608 608
604 600
600 604
604 608
612 604
612 616
612 612
620 612
616 624
620 620
620 616
620 624
612 612
612 612
612 612
604 604
600 596
600 604
604 608
604 600
596 596
608 604
608 612
616 612
616 620
620 620
624 620
624 624
616 620
612 612
620 616
612 612
608 612
620 620
612 612
568 596
632 604
604 600
592 600
588 584
580 580
584 580
576 580
572 572
564 564
564 564
564 560
560 564
556 556
556 552
552 556
556 556
548 548
548 544
548 548
544 544
540 540
548 552
548 548
544 544
548 548
560 556
552 552
548 548
552 556
552 552
548 544
548 552
552 552
548 548
544 544
548 544
548 548
540 544
532 528
540 544
536 536
540 536
532 536
532 532
528 524
536 536
532 536
532 532
528 524
528 528
532 532
524 524
524 524
524 532
528 520
520 524
524 512
520 528
516 524
520 504
516 528
520 516
508 508
512 512
512 512
512 512
504 508
508 504
500 500
504 504
504 504
504 504
496 492
496 504
504 504
496 492
492 496
500 492
496 500
488 488
492 488
492 496
492 496
496 492
488 488
488 492
492 488
492 492
492 492
484 488
488 484
488 488
496 496
484 488
488 484
484 484
484 484
488 488
492 488
480 484
484 484
480 480
484 480
484 488
484 488
484 480
480 480
484 480
484 488
484 484
480 484
480 476
480 480
480 480
484 484
480 480
472 472
476 476
472 472
484 480
468 472
476 476
476 472
468 468
468 472
468 468
476 472
472 472
468 472
468 468
464 464
468 468
468 468
476 472
464 468
464 460
468 468
456 468
476 464
468 468
460 464
460 460
468 464
464 468
464 464
468 464
460 460
456 460
468 464
464 464
460 464
460 460
464 464
464 460
460 460
456 460
464 464
460 460
456 456
460 460
468 460
456 460
456 456
456 456
460 460
460 460
456 456
460 464
456 452
456 456
456 456
456 456
452 456
452 452
456 452
456 456
452 452
448 448
448 452
456 456
452 452
452 448
456 460
448 444
448 448
452 452
452 452
448 448
444 448
448 444
448 448
452 452
444 444
444 444
448 444
444 452
444 440
444 448
448 444
440 444
440 440
448 444
444 448
444 440
444 444
440 440
440 444
444 440
444 448
444 436
444 448
440 436
432 440
440 436
436 436
440 440
440 440
436 436
440 444
436 432
436 436
440 440
440 440
432 432
436 436
436 436
436 436
436 436
436 436
444 440
428 432
436 436
436 436
444 440
428 432
436 436
432 432
432 432
440 440
428 432
440 436
436 432
432 436
428 428
432 432
436 436
436 436
432 432
432 428
428 432
432 432
432 432
432 432
432 432
432 432
432 432
432 432
432 432
432 440
480 388
340 524
312 216
584 584
432 432
440 432
436 440
432 420
424 436
436 432
432 432
432 436
428 428
428 424
428 432
456 372
296 248
540 676
428 420
428 428
424 432
436 432
428 428
436 436
428 428
428 424
440 448
428 428
436 432
432 432
436 436
432 432
436 440
436 436
432 428
436 436
436 436
440 436
436 436
432 436
444 440
436 440
440 440
436 436
444 440
440 444
440 440
440 440
448 448
444 444
444 444
448 448
448 448
452 452
448 448
444 444
448 448
456 456
452 452
456 456
456 456
456 456
456 452
456 460
456 456
456 456
452 452
464 464
456 456
460 460
460 460
460 464
460 456
468 472
464 464
464 460
464 464
468 472
464 460
468 472
472 472
464 464
468 468
480 480
476 476
484 484
476 468
480 484
480 480
480 480
480 476
480 488
484 480
488 488
496 496
500 504
496 500
492 488
492 488
500 500
504 504
508 512
512 512
508 508
396 392
624 628
628 624
576 580
508 512
512 508
508 508
512 512
512 516
512 508
512 508
512 516
536 536
544 544
540 540
544 544
588 584
668 672
628 628
568 568
556 556
632 632
712 712
688 688
656 656
380 380
824 828
728 724
696 696
696 696
704 704
704 700
700 700
680 684
704 704
720 720
812 808
808 812
776 776
800 800
808 808
780 780
780 776
792 796
812 812
904 904
828 828
840 840
880 880
892 888
916 920
908 908
900 900
916 916
928 928
892 892
908 908
900 900
892 892
916 916
880 884
888 888
832 828
944 948
864 860
928 932
896 892
924 924
864 864
920 920
884 888
952 952
908 908
988 988
944 944
968 964
964 968
1036 1036
952 952
1108 1104
920 924
1008 1008
916 916
960 956
1032 1036
1036 1036
1092 1092
1152 1152
992 992
1060 1060
972 968
1008 1012
936 932
988 992
928 928
984 984
964 964
1212 1208
1052 1056
908 908
992 992
904 904
944 944
884 888
880 876
884 884
932 932
920 920
1016 1016
916 916
932 928
880 884
872 868
828 832
852 852
860 860
860 856
852 852
852 852
872 872
872 872
840 848
844 840
812 812
748 748
728 728
740 736
748 752
756 756
808 808
772 784
788 772
768 768
740 748
712 708
724 724
752 752
788 788
788 788
816 808
768 768
724 724
716 728
716 712
736 736
736 740
744 740
744 748
736 728
732 736
724 724
696 696
680 680
656 652
656 660
664 664
696 696
676 680
672 672
652 652
432 416
840 848
644 644
600 604
632 628
628 632
620 620
612 612
604 604
620 616
612 612
612 616
592 592
612 608
596 596
608 612
600 600
596 596
600 596
592 596
588 588
592 592
584 584
576 576
580 576
572 572
588 588
584 588
580 584
580 576
576 572
568 572
572 568
