872 928
932 928
1004 932
996 1092
1016 1012
972 960
1036 980
1032 1040
992 924
960 1040
956 1068
968 1076
952 1008
984 1096
1004 1008
944 1032
952 1068
976 976
964 952
988 948
1024 1056
1040 980
1044 932
1008 1020
1028 996
1052 944
1024 1008
1044 1020
1072 1100
1052 1096
1028 940
1016 984
1060 956
1088 976
1072 1004
1012 936
1056 964
1084 932
1048 972
1004 1012
1024 1104
1004 1096
1016 1028
1012 1000
1024 916
1044 1004
1060 912
1008 988
1060 964
1080 964
1068 856
1052 1040
1084 984
1048 1040
1032 988
984 956
1040 1040
1056 1012
1072 972
1068 1060
1004 1012
968 1024
1028 1048
1044 956
1068 1036
1032 1012
1036 1028
1020 964
1044 924
1012 948
1000 1024
1016 936
1012 1012
1004 900
988 1004
976 1012
988 944
1020 932
1008 1060
968 980
1004 1056
1016 1092
1004 1004
996 996
1012 1008
1028 1000
1008 1056
1036 1020
1036 1016
1016 996
976 1020
952 1076
980 1032
1040 988
1024 1052
1040 1004
992 980
1000 1040
1020 960
1004 1088
944 1024
872 964
872 932
904 1000
924 1012
888 1000
908 1008
924 1096
948 1076
976 1012
968 976
968 1072
976 996
976 960
988 980
980 1076
1004 1056
972 988
996 952
1028 1024
996 956
976 972
940 1064
968 924
980 996
980 1028
976 1020
1016 972
984 992
1024 884
1044 936
1028 1068
1016 1004
1012 1028
996 1012
988 1036
984 980
960 1016
944 956
1004 948
988 972
992 1024
980 1032
976 1000
992 1000
964 1004
936 1004
916 1072
860 984
860 1004
956 952
932 952
972 1040
1000 1016
996 1052
956 968
900 972
920 944
924 1076
936 972
928 1000
920 988
904 984
916 988
928 1008
948 1008
960 1060
936 924
920 988
960 960
988 1048
960 1044
936 1024
920 1068
936 1016
932 1100
932 1056
920 928
932 1100
948 1024
952 1036
972 996
976 1048
960 956
952 976
948 980
944 988
968 1096
988 964
980 988
960 1000
964 1000
980 1112
948 956
1012 980
1008 924
992 968
972 1048
1052 1004
1016 1020
1004 1020
1000 1012
1000 876
1000 1056
1016 964
984 1024
992 984
1012 1008
992 1080
984 952
1012 1048
1008 928
984 980
1000 936
1004 992
992 1108
984 1044
960 1024
984 1080
996 988
1012 1052
992 1056
996 972
1008 1056
992 1028
988 1068
968 1012
1020 960
1020 980
1028 1080
984 980
952 988
888 916
936 1040
972 1008
948 1008
940 1064
912 1004
964 976
988 988
988 1016
984 892
956 1012
968 1016
948 1024
976 1004
932 984
944 944
988 956
1036 996
1056 964
1004 952
912 1032
976 1040
972 1016
984 996
928 1056
960 1016
948 1048
968 1100
984 1084
1008 972
1028 1076
968 1000
980 980
968 1104
984 988
1012 964
964 976
960 988
1000 1016
976 1080
884 984
920 984
1024 996
1024 1024
992 1024
980 916
988 1040
964 964
1012 1120
1000 1008
972 984
1028 1020
984 964
1004 1000
988 1020
1024 912
1012 916
1024 1064
1032 1028
1040 948
1048 1004
1000 992
976 976
976 1052
996 1036
980 976
980 1004
976 932
984 1044
968 908
1016 988
996 948
996 976
1000 964
1032 1024
1056 960
1080 984
1136 1056
1096 1076
1092 1032
1132 1020
1076 976
1120 984
1076 1012
1020 1052
988 996
1060 1024
1056 1000
1072 920
1048 1100
1012 1008
1000 1020
1068 960
1076 964
1076 948
1076 908
1044 884
996 976
1084 964
1096 1016
1092 976
1128 972
1168 996
1076 972
1064 1032
1024 1008
984 980
996 1036
1028 1036
1064 1044
1036 1012
1072 1020
1052 956
1036 1032
1056 1048
1076 984
1072 952
1072 984
1036 1020
924 948
980 1132
996 944
1028 968
996 972
1004 1012
948 1016
992 1000
1000 996
988 940
980 1060
988 980
1016 1012
1012 944
1020 1044
980 952
988 984
960 1048
1024 1004
1000 1016
1008 1016
1048 984
988 940
1036 984
1076 1012
1100 976
1020 952
1100 1016
1096 920
1088 1008
1060 912
1040 1064
1068 984
1052 1052
1056 948
1060 972
1044 992
1020 1000
1040 1008
1036 1020
996 964
976 1044
1016 980
1068 972
1004 1040
1040 1064
1000 928
1008 1028
964 932
892 1072
976 1080
1016 984
1032 1036
1152 944
1228 944
1144 988
1084 1036
1032 1024
1092 1016
1008 956
1044 964
980 892
1016 904
1008 1032
1012 1016
1012 1072
1060 1036
1064 924
1064 1000
1092 956
1076 976
1092 1032
1132 1008
1044 1052
1040 1096
1044 1032
1088 1040
1104 1052
1080 992
1100 932
1048 936
1052 960
1084 1000
1076 952
1064 928
1064 1024
1020 996
1056 988
1064 984
1048 1016
1036 976
1064 1032
1040 1008
1032 1012
1048 1008
1048 980
1036 1056
1000 1016
1040 924
1012 1012
1020 1024
1012 892
996 928
996 960
1036 972
1020 908
1012 1000
1048 1016
1016 984
916 928
984 1040
1004 928
1032 1048
1004 1032
1024 932
1044 1000
1068 984
1056 972
1032 996
1016 980
1000 1076
1000 1084
980 980
984 948
1008 1024
1024 1056
1004 976
992 984
984 1008
996 984
1000 1024
1000 1168
968 1076
956 988
996 1084
984 896
992 1024
940 976
1032 1056
1048 1092
1012 1012
1056 956
1120 980
1124 992
1040 984
1040 1008
1020 1028
1032 1012
1024 1012
1012 940
1024 940
1000 944
1004 1024
968 976
1000 972
1024 1036
1000 920
968 952
1004 980
984 940
952 988
1004 984
992 992
984 1096
956 960
988 972
1000 1028
976 1004
1000 976
992 988
952 980
980 996
964 968
1000 1064
1016 1004
988 980
972 1032
984 1012
968 1056
932 1004
956 1020
992 976
992 1036
980 1012
996 1044
984 968
948 992
916 1040
876 980
892 972
952 1008
988 912
948 1016
980 1068
956 884
996 1100
1008 996
1028 988
1024 960
1020 988
1028 956
1012 1012
1000 996
1004 1080
996 1000
980 948
976 1020
1016 956
1012 912
992 996
956 948
964 1048
1000 1028
984 1012
988 992
964 1020
976 956
976 1012
1000 932
940 1060
916 1052
936 1080
928 1000
924 952
912 1012
916 1048
972 988
968 1004
1004 892
984 1032
976 932
1008 980
1008 980
988 1124
1036 968
1024 1064
988 1024
976 920
1004 1080
996 1004
968 876
980 1032
980 1036
996 1076
1012 1008
1028 992
1032 892
1008 944
1008 1000
1028 984
1008 956
1016 992
980 996
984 1024
972 952
968 1000
976 980
976 960
968 1020
968 1028
936 964
980 1008
1012 960
1048 936
1020 900
1024 1004
884 1060
964 1064
912 976
888 992
892 1040
908 1080
920 1008
924 924
956 992
900 1012
944 1032
952 988
928 1072
904 1080
920 992
936 1060
932 1040
960 1076
984 960
1008 1004
972 988
972 1076
968 1000
1004 984
1000 1044
1012 976
960 1020
948 1004
972 976
980 1020
972 932
996 1032
1020 1232
1036 996
1032 956
1024 1024
1048 1076
1020 956
1020 1032
1024 948
1008 964
1012 1000
1012 1000
1008 1040
992 976
1016 1040
1012 1000
1008 1008
1012 1016
1016 1040
1008 976
1000 968
984 992
940 972
944 964
888 1072
872 996
928 1024
956 1028
952 980
996 968
1004 1008
980 992
940 1004
1004 980
992 1008
960 1028
932 984
964 1048
988 976
1000 928
1012 1012
1008 1040
1028 1020
1084 964
1056 1012
972 1080
1040 924
1032 980
992 1012
1024 1012
1044 1008
1052 1028
1048 1016
1020 980
1032 992
1024 1000
1044 952
1020 1072
1048 992
1036 976
1032 952
1012 1020
1012 936
996 976
1004 1012
1024 988
1012 984
980 1100
976 1012
1028 1140
1072 920
1052 996
1004 1036
1044 1040
1012 1056
1024 916
1024 1056
1024 972
1040 1052
1020 1072
1052 988
1020 1032
992 992
1004 980
992 992
996 916
1004 1016
1016 1088
992 984
992 1008
1048 1000
1052 1032
992 956
1052 1060
1040 972
1024 1024
1036 1000
1064 1024
1052 980
1036 972
1060 1008
1008 1004
1004 944
976 948
1012 904
1016 984
1040 1052
1080 1004
1052 984
1004 964
1028 924
1028 968
992 964
988 988
1048 1012
996 1076
972 1008
976 1020
1008 948
980 1084
1024 1016
1020 1000
1008 976
1012 1008
988 976
1044 1028
1012 964
1020 1068
972 1132
1024 1008
980 1004
984 996
1008 984
964 1008
928 1000
916 1012
884 1064
952 1052
968 1016
988 1048
980 984
980 1036
980 1028
1008 996
1048 1056
996 960
988 908
1024 984
992 964
992 964
1016 1056
1020 1232
1004 1008
996 1000
1008 984
1000 1008
988 984
976 1000
920 1076
948 1032
968 1016
904 1000
932 984
976 964
1012 952
976 976
952 928
936 968
960 976
1016 1012
964 876
984 980
948 1100
960 1016
952 984
992 964
988 860
1004 956
952 968
932 1036
912 996
932 932
936 976
944 932
960 1040
932 1052
964 1024
948 1016
924 972
960 996
964 980
944 1012
912 988
896 984
860 980
888 1008
908 960
928 996
908 1080
948 1012
936 996
968 944
964 1000
952 996
1016 972
992 980
960 968
968 992
1004 1024
1008 992
968 1012
956 940
980 964
972 924
948 976
984 1020
1004 1044
1020 1024
1024 952
1016 1020
988 1048
1004 1020
1004 964
1016 976
1000 980
1068 1092
1044 1008
1036 968
1032 1012
1100 992
1008 1000
1024 1020
988 1004
1020 992
1020 956
1020 1012
976 1028
976 968
1016 1076
956 960
960 1020
936 1064
920 1048
956 1044
992 1056
952 996
956 1032
976 972
988 976
980 988
936 1052
944 1052
964 892
936 1080
908 948
888 1084
984 856
968 1016
988 984
1012 916
1020 1012
1024 964
1016 1080
1004 1060
992 976
984 980
968 968
976 1076
972 964
992 1044
1008 1044
1040 988
1004 860
988 972
1000 1016
1000 1028
1028 1040
972 964
992 952
992 1044
972 932
960 968
952 940
952 1024
996 1008
976 952
1028 952
960 1004
988 988
960 1032
988 964
1044 1000
1012 996
1012 988
956 1008
980 948
980 956
1008 1052
908 1056
960 996
968 996
1000 968
972 1024
952 992
1000 1028
984 976
976 1040
984 952
1032 1024
996 1044
988 1028
1004 884
996 1004
1004 1036
1052 1036
1012 984
1052 1024
1064 1048
1028 984
1012 1020
1068 1052
1076 1008
1016 956
1048 904
1036 960
1044 1056
1060 956
1000 1056
1016 984
1040 888
1068 968
1060 1064
1032 956
1052 1040
1072 992
1060 1036
1076 1084
1084 1036
1052 1052
1036 972
1028 1008
1012 992
980 1000
896 1008
1012 1036
1016 1040
1012 1052
1044 984
1052 988
1068 988
1052 1000
1064 932
1052 1052
1060 1080
1080 1020
1100 960
1044 1040
1008 996
1076 992
1084 1052
1076 1004
1080 972
1024 984
1040 1000
1064 1096
1044 1016
1024 1024
1052 1032
1056 1004
1020 992
1008 912
1072 1020
1048 1008
1124 992
1084 960
1096 988
1092 1004
1088 932
1096 1008
1116 868
1108 932
1088 1048
1076 992
1080 1024
1104 1020
1104 1008
1116 984
1024 1008
1056 1028
1072 1004
1048 1012
1040 1036
1028 968
1072 988
1052 1040
992 980
1028 964
1080 1060
1020 944
972 1008
1056 960
1104 1008
1032 1088
1052 884
1060 984
1060 1080
1068 972
1068 1168
1052 1008
1084 936
1100 1044
1056 964
1052 1000
1048 980
1052 1016
1048 1020
1028 1056
1036 1036
1016 1032
1064 944
1060 928
1016 1016
1064 976
1064 984
1036 980
984 1000
1048 1060
1040 1016
996 980
956 1028
1060 1040
1048 1012
1012 1036
1056 952
1084 968
1032 1004
1048 976
1056 948
1060 1068
1064 1048
1088 1028
1084 1040
1040 980
1000 1000
1032 1080
1056 992
1040 1052
1024 908
1032 1084
1020 1032
988 988
1036 1056
1040 924
1024 984
1052 952
1048 956
1004 932
976 1008
980 992
1012 1072
984 1004
984 1000
960 936
964 952
944 968
980 1036
992 1020
948 1016
968 1028
996 1060
984 1072
1004 984
972 964
1004 980
1044 1060
1020 1012
1012 968
988 980
964 1000
980 924
1012 1008
976 944
992 916
984 984
968 968
944 984
1016 1008
976 1000
968 988
956 1076
952 980
940 936
956 988
928 932
956 976
980 1032
996 1168
1000 1052
1028 972
1024 972
1008 980
996 1004
976 984
956 1060
944 1084
928 1052
976 968
972 948
980 988
984 964
1020 976
980 1032
1000 1040
956 952
988 1020
972 988
940 1028
972 1052
948 984
980 976
992 988
968 944
980 988
996 1016
984 972
988 1000
964 1000
980 1000
976 1040
992 1020
976 924
980 964
984 1056
952 976
960 988
928 1028
956 984
960 976
968 1072
968 952
944 940
960 1044
984 1000
960 964
956 1044
960 1000
956 860
960 936
948 948
924 924
