872 768
932 784
1004 788
996 792
1016 776
972 788
1036 796
1032 792
992 784
960 784
956 792
968 788
952 776
984 776
1004 800
944 796
952 784
976 780
964 788
988 792
1024 784
1040 772
1044 772
1008 792
1028 792
1052 784
1024 788
1044 816
1072 820
1052 804
1028 796
1016 808
1060 812
1088 804
1072 796
1012 800
1056 808
1084 800
1048 792
1004 792
1024 812
1004 812
1016 792
1012 796
1024 808
1044 800
1060 784
1008 772
1060 780
1080 788
1068 780
1052 772
1084 796
1048 812
1032 788
984 788
1040 792
1056 812
1072 804
1068 788
1004 788
968 804
1028 792
1044 784
1068 784
1032 808
1036 812
1020 784
1044 788
1012 816
1000 812
1016 792
1012 800
1004 812
988 816
976 808
988 812
1020 828
1008 828
968 804
1004 812
1016 832
1004 816
996 808
1012 808
1028 824
1008 828
1036 804
1036 808
1016 816
976 816
952 804
980 808
1040 812
1024 808
1040 792
992 800
1000 800
1020 784
1004 776
944 788
872 800
872 796
904 772
924 784
888 788
908 788
924 764
948 776
976 788
968 788
968 772
976 776
976 796
988 792
980 784
1004 776
972 780
996 784
1028 784
996 776
976 764
940 780
968 780
980 780
980 780
976 784
1016 788
984 796
1024 784
1044 776
1028 780
1016 792
1012 796
996 784
988 772
984 780
960 784
944 784
1004 764
988 776
992 784
980 780
976 760
992 768
964 772
936 780
916 772
860 768
860 772
956 788
932 788
972 772
1000 776
996 788
956 784
900 772
920 764
924 788
936 784
928 764
920 756
904 776
916 776
928 768
948 760
960 776
936 788
920 780
960 748
988 764
960 756
936 756
920 768
936 760
932 744
932 752
920 764
932 768
948 752
952 764
972 764
976 756
960 772
952 752
948 764
944 752
968 792
988 756
980 764
960 772
964 772
980 768
948 772
1012 784
1008 780
992 800
972 784
1052 796
1016 804
1004 784
1000 788
1000 808
1000 808
1016 784
984 776
992 792
1012 768
992 748
984 760
1012 748
1008 740
984 740
1000 744
1004 748
992 760
984 756
960 756
984 760
996 776
1012 768
992 764
996 768
1008 764
992 760
988 748
968 748
1020 744
1020 752
1028 748
984 748
952 756
888 756
936 752
972 744
948 768
940 772
912 776
964 768
988 784
988 804
984 808
956 804
968 804
948 820
976 816
932 792
944 792
988 792
1036 796
1056 772
1004 772
912 784
976 788
972 784
984 776
928 772
960 788
948 792
968 792
984 776
1008 776
1028 780
968 780
980 792
968 788
984 780
1012 788
964 796
960 788
1000 780
976 788
884 788
920 780
1024 776
1024 776
992 788
980 788
988 784
964 784
1012 804
1000 792
972 780
1028 780
984 780
1004 760
988 764
1024 780
1012 772
1024 760
1032 772
1040 776
1048 772
1000 772
976 780
976 764
996 764
980 768
980 752
976 768
984 740
968 752
1016 760
996 752
996 772
1000 776
1032 760
1056 756
1080 772
1136 772
1096 752
1092 760
1132 752
1076 760
1120 740
1076 748
1020 760
988 768
1060 772
1056 768
1072 776
1048 804
1012 812
1000 780
1068 792
1076 792
1076 780
1076 768
1044 756
996 744
1084 740
1096 752
1092 760
1128 760
1168 752
1076 760
1064 768
1024 788
984 784
996 776
1028 792
1064 828
1036 824
1072 792
1052 792
1036 812
1056 804
1076 812
1072 788
1072 804
1036 816
924 808
980 796
996 804
1028 824
996 828
1004 808
948 808
992 836
1000 812
988 800
980 812
988 820
1016 796
1012 792
1020 800
980 820
988 792
960 796
1024 804
1000 808
1008 784
1048 784
988 808
1036 788
1076 772
1100 772
1020 784
1100 792
1096 792
1088 780
1060 784
1040 800
1068 796
1052 780
1056 780
1060 800
1044 796
1020 772
1040 780
1036 792
996 796
976 788
1016 780
1068 788
1004 792
1040 776
1000 772
1008 788
964 784
892 788
976 784
1016 788
1032 808
1152 800
1228 792
1144 800
1084 808
1032 808
1092 788
1008 788
1044 796
980 792
1016 768
1008 760
1012 792
1012 788
1060 768
1064 764
1064 780
1092 784
1076 772
1092 768
1132 792
1044 784
1040 768
1044 772
1088 784
1104 784
1080 776
1100 768
1048 788
1052 780
1084 764
1076 772
1064 792
1064 784
1020 788
1056 776
1064 796
1048 800
1036 772
1064 784
1040 800
1032 780
1048 772
1048 784
1036 792
1000 480
1040 1100
1012 772
1020 776
1012 776
996 776
996 768
1036 764
1020 788
1012 784
1048 776
1016 776
916 796
984 788
1004 792
1032 784
1004 792
1024 804
1044 808
1068 792
1056 800
1032 808
1016 804
1000 788
1000 780
980 788
984 796
1008 792
1024 780
1004 776
992 796
984 800
996 784
1000 772
1000 788
968 800
956 800
996 788
984 792
992 800
940 800
1032 788
1048 788
1012 792
1056 800
1120 784
1124 780
1040 792
1040 796
1020 780
1032 772
1024 772
1012 788
1024 780
1000 760
1004 768
968 780
1000 780
1024 768
1000 764
968 780
1004 776
984 760
952 752
1004 780
992 764
984 748
956 760
988 788
1000 788
976 776
1000 776
992 784
952 792
980 772
964 772
1000 784
1016 792
988 776
972 776
984 788
968 796
932 776
956 776
992 784
992 764
980 800
996 768
984 776
948 768
916 780
876 776
892 768
952 768
988 784
948 780
980 784
956 768
996 764
1008 772
1028 780
1024 764
1020 764
1028 776
1012 788
1000 776
1004 784
996 780
980 800
976 780
1016 776
1012 776
992 792
956 784
964 772
1000 768
984 772
988 772
964 760
976 768
976 776
1000 776
940 764
916 760
936 780
928 772
924 760
912 760
916 772
972 768
968 760
1004 752
984 772
976 772
1008 768
1008 752
988 772
1036 780
1024 784
988 772
976 764
1004 768
996 776
968 776
980 776
980 768
996 784
1012 780
1028 776
1032 772
1008 788
1008 788
1028 788
1008 776
1016 792
980 796
984 800
972 788
968 780
976 780
976 784
968 784
968 788
936 768
980 776
1012 784
1048 776
1020 768
1024 776
884 784
964 780
912 780
888 764
892 780
908 776
920 768
924 760
956 756
900 784
944 772
952 776
928 764
904 780
920 796
936 796
932 776
960 776
984 772
1008 792
972 776
972 768
968 776
1004 772
1000 776
1012 800
960 788
948 784
972 792
980 800
972 788
996 772
1020 768
1036 772
1032 780
1024 780
1048 764
1020 768
1020 788
1024 788
1008 780
1012 772
1012 760
1008 780
992 772
1016 768
1012 764
1008 768
1012 772
1016 776
1008 760
1000 772
984 780
940 788
944 792
888 780
872 780
928 788
956 796
952 796
996 780
1004 784
980 800
940 800
1004 788
992 788
960 800
932 796
964 800
988 776
1000 788
1012 800
1008 800
1028 792
1084 780
1056 796
972 800
1040 788
1032 776
992 788
1024 776
1044 764
1052 780
1048 788
1020 784
1032 776
1024 780
1044 800
1020 772
1048 772
1036 776
1032 776
1012 752
1012 756
996 768
1004 756
1024 752
1012 764
980 784
976 764
1028 760
1072 772
1052 768
1004 764
1044 772
1012 780
1024 772
1024 760
1024 768
1040 772
1020 760
1052 756
1020 764
992 768
1004 756
992 764
996 776
1004 764
1016 772
992 784
992 792
1048 820
1052 724
992 768
1052 764
1040 744
1024 732
1036 752
1064 744
1052 760
1036 768
1060 780
1008 760
1004 752
976 756
1012 772
1016 760
1040 768
1080 760
1052 744
1004 748
1028 760
1028 760
992 740
988 772
1048 776
996 768
972 772
976 772
1008 780
980 768
1024 792
1020 788
1008 792
1012 808
988 824
1044 796
1012 792
1020 816
972 812
1024 804
980 788
984 800
1008 272
964 536
928 744
916 800
884 808
952 772
968 796
988 804
980 788
980 776
980 796
1008 808
1048 800
996 780
988 836
1024 796
992 812
992 848
1016 848
1020 852
1004 820
996 824
1008 848
1000 848
988 820
976 820
920 844
948 856
968 836
904 824
932 844
976 860
1012 852
976 856
952 832
936 840
960 808
1016 828
964 828
984 820
948 804
960 824
952 852
992 852
988 816
1004 820
952 840
932 840
912 800
932 800
936 828
944 824
960 812
932 804
964 828
948 824
924 800
960 808
964 828
944 816
912 784
896 808
860 784
888 784
908 768
928 788
908 808
948 812
936 816
968 800
964 824
952 848
1016 848
992 840
960 820
968 856
1004 844
1008 868
968 820
956 836
980 856
972 848
948 820
984 812
1004 796
1020 784
1024 780
1016 780
988 756
1004 796
1004 776
1016 784
1000 792
1068 800
1044 788
1036 804
1032 812
1100 820
1008 848
1024 844
988 840
1020 840
1020 848
1020 824
976 840
976 820
1016 836
956 848
960 824
936 824
920 452
956 260
992 944
952 820
956 792
976 788
988 800
980 820
936 828
944 856
964 788
936 860
908 840
888 816
984 844
968 860
988 864
1012 828
1020 828
1024 852
1016 856
1004 848
992 824
984 848
968 840
976 852
972 816
992 840
1008 844
1040 844
1004 812
988 808
1000 828
1000 820
1028 820
972 796
992 824
992 836
972 852
960 816
952 812
952 832
996 820
976 828
1028 792
960 812
988 796
960 820
988 788
1044 800
1012 804
1012 788
956 784
980 784
980 800
1008 796
908 772
960 780
968 796
1000 784
972 772
952 768
1000 788
984 788
976 772
984 768
1032 792
996 776
988 768
1004 768
996 792
1004 796
1052 792
1012 780
1052 800
1064 812
1028 804
1012 788
1068 796
1076 808
1016 812
1048 780
1036 788
1044 800
1060 784
1000 804
1016 788
1040 792
1068 804
1060 824
1032 788
1052 800
1072 792
1060 824
1076 784
1084 792
1052 796
1036 812
1028 792
1012 796
980 804
896 788
1012 796
1016 800
1012 816
1044 816
1052 796
1068 820
1052 796
1064 780
1052 792
1060 776
1080 800
1100 780
1044 804
1008 800
1076 780
1084 784
1076 788
1080 788
1024 768
1040 768
1064 784
1044 772
1024 752
1052 772
1056 768
1020 756
1008 760
1072 768
1048 768
1124 772
1084 768
1096 760
1092 764
1088 772
1096 748
1116 764
1108 784
1088 764
1076 772
1080 788
1104 768
1104 788
1116 772
1024 812
1056 768
1072 788
1048 776
1040 764
1028 780
1072 780
1052 780
992 784
1028 776
1080 748
1020 740
972 764
1056 740
1104 732
1032 736
1052 736
1060 724
1060 732
1068 748
1068 756
1052 764
1084 772
1100 756
1056 760
1052 732
1048 732
1052 744
1048 740
1028 740
1036 712
1016 724
1064 732
1060 768
1016 732
1064 728
1064 772
1036 752
984 752
1048 756
1040 764
996 760
956 788
1060 792
1048 800
1012 788
1056 800
1084 816
1032 808
1048 804
1056 780
1060 792
1064 800
1088 796
1084 772
1040 776
1000 792
1032 796
1056 792
1040 768
1024 776
1032 796
1020 772
988 756
1036 740
1040 764
1024 788
1052 736
1048 680
1004 740
976 760
980 764
1012 760
984 784
984 784
960 788
964 776
944 768
980 756
992 784
948 772
968 760
996 752
984 768
1004 772
972 780
1004 780
1044 760
1020 760
1012 760
988 764
964 780
980 792
1012 796
976 780
992 784
984 808
968 780
944 820
1016 820
976 824
968 808
956 788
952 760
940 760
956 752
928 744
956 744
980 740
996 744
1000 736
1028 720
1024 740
1008 728
996 732
976 716
956 724
944 740
928 776
976 828
972 832
980 808
984 832
1020 860
980 840
1000 836
956 800
988 812
972 812
940 816
972 800
948 784
980 804
992 808
968 796
980 792
996 772
984 764
988 748
964 744
980 728
976 732
992 736
976 744
980 760
984 752
952 748
960 764
928 784
956 800
960 800
968 784
968 796
944 776
960 784
984 772
960 792
956 796
960 780
956 776
960 780
948 772
924 764
