740
744
744
740
732
748
744
732
740
740
728
744
732
736
732
728
744
736
744
756
748
760
780
760
768
776
752
740
748
748
728
724
732
724
728
736
732
712
712
712
688
708
704
692
700
712
696
720
732
720
728
736
716
724
724
712
708
692
676
676
664
668
664
656
664
668
664
660
672
660
668
656
668
660
668
680
676
672
672
688
676
664
652
668
672
672
664
664
684
700
684
676
672
672
668
664
680
688
684
692
700
684
676
684
684
684
684
696
700
684
680
672
660
676
684
680
680
700
692
692
688
700
688
696
680
676
692
684
692
684
680
664
680
688
680
688
688
684
680
676
688
692
684
680
672
676
668
680
680
692
708
720
744
740
752
720
708
708
696
696
700
680
688
688
684
700
676
692
696
692
696
708
700
720
708
708
720
712
732
728
716
732
720
712
704
704
644
688
696
680
656
656
668
680
676
676
684
688
684
704
696
676
688
704
676
656
648
664
660
660
668
660
656
648
636
644
652
660
656
668
664
672
672
680
680
680
688
696
684
696
688
692
688
688
676
684
680
680
676
680
664
672
668
664
664
668
660
664
664
660
652
656
656
660
652
660
660
668
664
668
668
656
660
656
656
652
660
652
648
644
648
640
652
648
644
644
648
648
640
648
640
644
648
644
656
656
648
656
672
704
644
648
660
656
660
664
656
656
660
656
660
660
664
660
660
668
676
668
680
684
672
712
732
696
676
672
684
680
680
684
684
684
688
684
676
692
680
676
688
696
684
680
688
696
696
712
712
700
692
692
700
704
688
668
668
676
660
668
672
664
664
672
668
668
676
680
672
684
692
676
684
708
700
700
700
684
696
704
716
728
716
716
708
712
712
700
684
688
708
708
716
716
696
672
680
692
692
696
688
688
704
704
696
716
704
692
728
712
704
716
704
696
720
728
728
992
832
812
804
804
812
852
796
784
796
772
764
764
784
772
788
800
788
832
816
804
840
848
836
856
876
888
856
896
856
836
872
868
832
828
844
828
792
832
808
836
848
868
844
876
904
896
884
852
820
844
848
876
868
880
860
844
868
856
888
900
920
960
916
928
900
860
892
876
812
784
812
832
860
852
868
832
828
840
864
856
876
856
832
844
828
792
800
816
804
776
788
796
804
792
840
864
864
864
836
868
856
860
856
868
864
856
816
848
820
836
820
808
768
788
792
792
816
824
812
832
796
804
784
804
852
856
820
856
828
808
816
824
828
816
840
848
864
848
860
884
900
872
904
908
884
888
836
836
832
800
820
816
792
808
836
816
848
852
868
828
872
904
904
860
880
844
884
856
872
844
836
800
828
816
836
864
904
888
876
884
880
868
812
828
808
788
792
796
792
760
780
768
788
772
808
816
800
840
872
872
868
856
852
828
840
840
844
868
884
892
872
880
872
860
860
844
864
824
876
860
848
892
916
896
856
880
880
848
872
852
832
828
856
884
860
856
832
828
816
812
840
848
836
848
852
880
888
904
912
896
888
872
864
896
892
892
876
856
864
864
860
820
832
804
832
804
828
812
824
844
824
844
852
844
836
828
812
832
812
852
848
812
832
840
820
840
828
796
828
828
800
816
828
824
804
848
880
848
876
872
832
832
812
792
816
816
796
840
852
828
872
876
872
868
848
812
816
876
864
852
848
836
824
840
816
824
836
840
824
876
888
888
896
916
920
900
936
948
940
912
932
904
904
908
924
884
896
904
892
852
856
856
800
832
812
792
792
792
760
756
772
768
812
832
836
852
868
844
860
860
832
836
840
824
852
884
848
848
832
828
804
816
848
844
848
816
852
860
856
852
808
808
828
828
824
808
840
864
888
908
912
908
896
868
836
852
864
856
868
856
824
848
848
832
860
844
864
856
836
868
852
860
900
892
860
880
856
828
836
808
824
832
864
844
832
812
804
796
780
792
796
792
820
832
804
828
816
820
828
820
800
820
828
800
840
828
804
812
804
784
768
744
740
748
800
768
796
804
780
796
804
832
812
800
816
848
856
856
844
840
844
844
840
820
848
804
832
808
796
832
844
848
836
860
868
828
860
860
820
772
820
784
800
808
784
808
796
784
804
836
848
872
872
880
860
924
960
952
944
916
864
824
824
828
820
840
812
800
772
768
788
804
828
820
812
856
872
876
860
876
884
868
832
844
868
860
840
868
864
868
888
860
876
924
932
896
872
848
824
844
820
848
832
816
820
828
836
856
856
852
876
876
884
860
848
848
840
836
848
808
848
836
816
828
828
832
820
836
828
844
832
820
820
808
780
784
768
760
748
744
772
660
764
676
668
732
720
720
748
760
740
744
712
716
708
696
684
696
704
692
692
688
692
692
716
700
716
720
712
724
724
724
700
708
704
692
696
692
668
684
680
672
684
676
684
676
684
676
688
688
688
700
676
680
680
688
676
692
680
692
688
680
704
676
684
692
680
684
692
676
664
676
676
680
672
680
676
660
664
668
648
652
644
636
624
628
636
628
644
648
640
632
636
636
640
640
640
636
652
636
640
632
632
628
620
620
620
608
604
600
604
612
612
612
620
616
620
620
620
612
612
612
604
600
600
604
604
596
608
608
616
616
620
624
624
616
612
620
612
608
620
612
568
632
604
592
588
580
584
576
572
564
564
564
560
556
556
552
556
548
548
548
544
540
548
548
544
548
560
552
548
552
552
548
548
552
548
544
548
548
540
532
540
536
540
532
532
528
536
532
532
528
528
532
524
524
524
528
520
524
520
516
520
516
520
508
512
512
512
504
508
500
504
504
504
496
496
504
496
492
500
496
488
492
492
492
496
488
488
492
492
492
484
488
488
496
484
488
484
484
488
492
480
484
480
484
484
484
484
480
484
484
484
480
480
480
480
484
480
472
476
472
484
468
476
476
468
468
468
476
472
468
468
464
468
468
476
464
464
468
456
476
468
460
460
468
464
464
468
460
456
468
464
460
460
464
464
460
456
464
460
456
460
468
456
456
456
460
460
456
460
456
456
456
456
452
452
456
456
452
448
448
456
452
452
456
448
448
452
452
448
444
448
448
452
444
444
448
444
444
444
448
440
440
448
444
444
444
440
440
444
444
444
444
440
432
440
436
440
440
436
440
436
436
440
440
432
436
436
436
436
436
444
428
436
436
444
428
436
432
432
440
428
440
436
432
428
432
436
436
432
432
428
432
432
432
432
432
432
432
432
432
480
340
312
584
432
440
436
432
424
436
432
432
428
428
428
456
296
540
428
428
424
436
428
436
428
428
440
428
436
432
436
432
436
436
432
436
436
440
436
432
444
436
440
436
444
440
440
440
448
444
444
448
448
452
448
444
448
456
452
456
456
456
456
456
456
456
452
464
456
460
460
460
460
468
464
464
464
468
464
468
472
464
468
480
476
484
476
480
480
480
480
480
484
488
496
500
496
492
492
500
504
508
512
508
396
624
628
576
508
512
508
512
512
512
512
512
536
544
540
544
588
668
628
568
556
632
712
688
656
380
824
728
696
696
704
704
700
680
704
720
812
808
776
800
808
780
780
792
812
904
828
840
880
892
916
908
900
916
928
892
908
900
892
916
880
888
832
944
864
928
896
924
864
920
884
952
908
988
944
968
964
1036
952
1108
920
1008
916
960
1032
1036
1092
1152
992
1060
972
1008
936
988
928
984
964
1212
1052
908
992
904
944
884
880
884
932
920
1016
916
932
880
872
828
852
860
860
852
852
872
872
840
844
812
748
728
740
748
756
808
772
788
768
740
712
724
752
788
788
816
768
724
716
716
736
736
744
744
736
732
724
696
680
656
656
664
696
676
672
652
432
840
644
600
632
628
620
612
604
620
612
612
592
612
596
608
600
596
600
592
588
592
584
576
580
572
588
584
580
580
576
568
572