740
740
748
740
732
748
744
728
748
736
728
748
728
736
736
724
744
736
740
760
748
764
776
760
768
776
756
740
744
748
728
724
728
732
724
740
732
704
716
712
692
704
704
692
696
712
700
720
732
716
732
736
716
724
724
712
712
688
676
676
668
664
664
656
660
672
664
660
668
664
660
664
668
664
660
680
680
672
672
688
676
664
652
668
668
676
664
660
688
700
684
676
672
672
668
664
680
688
684
692
700
684
672
688
684
684
684
700
696
684
676
676
660
676
684
680
680
700
696
688
692
696
680
700
684
676
692
684
688
692
672
668
680
688
684
680
692
684
680
676
688
692
684
680
676
672
668
680
676
696
708
728
736
740
752
724
700
712
696
692
704
680
688
688
684
696
680
692
700
688
692
716
696
720
708
708
720
712
732
728
716
732
720
712
704
700
648
688
696
680
660
652
668
676
680
676
684
688
680
704
700
676
688
704
676
660
644
664
664
656
664
664
656
648
632
644
656
660
656
664
664
676
672
680
680
680
688
700
680
696
688
692
688
684
680
680
684
680
680
676
664
668
672
660
668
664
664
664
664
660
652
652
660
660
652
656
664
668
664
668
664
660
660
660
652
652
656
656
648
644
648
644
644
648
648
644
644
648
644
648
644
636
652
644
656
656
648
652
676
704
644
648
660
660
660
652
668
652
656
660
660
660
664
660
660
668
676
668
676
688
672
712
732
696
676
672
684
680
680
684
684
684
688
684
676
692
680
676
688
696
684
676
692
696
696
708
716
700
692
688
704
704
688
664
672
672
664
668
672
664
660
672
672
672
672
680
672
680
696
676
684
708
696
704
700
680
700
704
716
728
716
716
708
708
720
696
680
692
704
708
720
716
696
672
680
692
692
692
692
688
700
708
696
720
700
688
728
716
704
716
704
692
724
728
728
992
832
812
804
804
808
852
800
784
796
772
764
764
784
776
784
800
788
836
812
800
844
848
832
860
876
892
852
896
856
832
876
872
828
828
844
828
796
828
812
832
848
868
844
876
900
900
884
852
820
848
844
876
872
876
860
848
864
856
892
896
924
956
920
924
904
856
892
880
808
784
808
832
864
852
868
828
824
844
872
852
876
860
828
848
824
792
800
820
804
772
788
796
804
792
844
864
856
872
832
868
856
860
856
872
864
852
820
844
820
836
824
808
764
792
784
800
812
828
808
832
796
804
780
812
848
860
816
852
836
804
816
824
832
812
840
848
864
852
856
884
900
872
904
908
884
888
840
832
832
800
820
816
792
808
836
816
848
852
868
828
872
900
908
860
876
848
884
856
876
840
836
796
832
816
832
868
904
892
872
884
884
864
816
824
808
792
784
800
792
760
784
764
788
772
808
816
800
840
872
872
868
856
852
828
840
840
844
868
884
892
876
876
876
856
856
848
864
824
876
860
848
888
920
900
852
880
884
848
868
856
828
828
856
884
864
852
832
828
820
808
840
848
836
848
852
880
888
904
912
896
892
868
864
896
892
892
880
848
868
864
860
820
832
808
832
800
824
816
824
844
824
844
852
844
836
828
812
832
812
852
848
812
832
840
820
840
828
796
828
832
796
816
828
828
800
848
880
848
876
872
836
828
812
792
816
820
792
844
848
828
872
876
872
872
844
812
816
872
868
852
852
832
824
840
820
820
836
844
816
880
888
888
896
916
924
896
936
952
936
916
928
908
896
912
924
888
892
900
896
856
852
856
804
824
816
792
796
792
756
756
772
764
812
836
840
848
872
840
860
856
836
836
840
824
852
884
852
844
832
828
804
816
844
852
844
816
852
864
852
856
804
808
828
832
820
808
840
860
896
904
916
916
884
868
836
852
864
856
868
860
824
844
848
832
860
844
864
860
832
868
852
860
896
896
864
876
856
828
836
808
820
836
860
844
836
812
800
800
776
792
800
792
820
832
804
824
824
816
828
820
804
812
824
808
840
828
804
812
804
784
768
748
732
752
800
768
800
800
780
792
808
820
824
800
816
856
852
856
836
848
840
844
840
824
844
804
832
812
792
828
848
852
832
860
868
828
860
860
820
792
804
780
800
808
788
804
796
788
804
828
852
872
868
888
856
924
960
952
944
916
864
820
824
860
792
840
808
804
772
764
792
804
828
824
808
856
872
880
856
872
888
868
836
844
864
860
844
864
868
868
884
860
876
924
928
900
872
852
824
840
820
848
832
816
824
820
840
852
860
856
872
880
884
860
844
848
840
836
848
808
848
840
812
832
832
824
820
840
824
848
828
820
824
808
784
776
764
768
748
744
732
704
716
688
724
700
720
728
744
760
680
804
712
716
708
696
680
696
708
696
688
688
692
692
716
700
716
720
708
724
728
724
700
708
708
688
700
684
672
684
680
672
684
672
684
676
688
676
684
692
684
700
680
676
684
688
676
692
680
688
692
680
700
680
684
692
680
680
696
676
664
672
676
684
672
680
672
664
664
664
648
656
648
636
624
624
632
628
644
652
636
636
636
636
644
640
636
636
652
644
628
636
632
628
616
628
616
608
600
604
608
604
616
612
612
624
620
616
624
612
612
612
604
596
604
608
600
596
604
612
612
620
620
620
624
620
612
616
612
612
620
612
596
604
600
600
584
580
580
580
572
564
564
560
564
556
552
556
556
548
544
548
544
540
552
548
544
548
556
552
548
556
552
544
552
552
548
544
544
548
544
528
544
536
536
536
532
524
536
536
532
524
528
532
524
524
532
520
524
512
528
524
504
528
516
508
512
512
512
508
504
500
504
504
504
492
504
504
492
496
492
500
488
488
496
496
492
488
492
488
492
492
488
484
488
496
488
484
484
484
488
488
484
484
480
480
488
488
480
480
480
488
484
484
476
480
480
484
480
472
476
472
480
472
476
472
468
472
468
472
472
472
468
464
468
468
472
468
460
468
468
464
468
464
460
464
468
464
464
460
460
464
464
464
460
464
460
460
460
464
460
456
460
460
460
456
456
460
460
456
464
452
456
456
456
456
452
452
456
452
448
452
456
452
448
460
444
448
452
452
448
448
444
448
452
444
444
444
452
440
448
444
444
440
444
448
440
444
440
444
440
448
436
448
436
440
436
436
440
440
436
444
432
436
440
440
432
436
436
436
436
436
440
432
436
436
440
432
436
432
432
440
432
436
432
436
428
432
436
436
432
428
432
432
432
432
432
432
432
432
432
440
388
524
216
584
432
432
440
420
436
432
432
436
428
424
432
372
248
676
420
428
432
432
428
436
428
424
448
428
432
432
436
432
440
436
428
436
436
436
436
436
440
440
440
436
440
444
440
440
448
444
444
448
448
452
448
444
448
456
452
456
456
456
452
460
456
456
452
464
456
460
460
464
456
472
464
460
464
472
460
472
472
464
468
480
476
484
468
484
480
480
476
488
480
488
496
504
500
488
488
500
504
512
512
508
392
628
624
580
512
508
508
512
516
508
508
516
536
544
540
544
584
672
628
568
556
632
712
688
656
380
828
724
696
696
704
700
700
684
704
720
808
812
776
800
808
780
776
796
812
904
828
840
880
888
920
908
900
916
928
892
908
900
892
916
884
888
828
948
860
932
892
924
864
920
888
952
908
988
944
964
968
1036
952
1104
924
1008
916
956
1036
1036
1092
1152
992
1060
968
1012
932
992
928
984
964
1208
1056
908
992
904
944
888
876
884
932
920
1016
916
928
884
868
832
852
860
856
852
852
872
872
848
840
812
748
728
736
752
756
808
784
772
768
748
708
724
752
788
788
808
768
724
728
712
736
740
740
748
728
736
724
696
680
652
660
664
696
680
672
652
416
848
644
604
628
632
620
612
604
616
612
616
592
608
596
612
600
596
596
596
588
592
584
576
576
572
588
588
584
576
572
572
568