872
932
1004
996
1016
972
1036
1032
992
960
956
968
952
984
1004
944
952
976
964
988
1024
1040
1044
1008
1028
1052
1024
1044
1072
1052
1028
1016
1060
1088
1072
1012
1056
1084
1048
1004
1024
1004
1016
1012
1024
1044
1060
1008
1060
1080
1068
1052
1084
1048
1032
984
1040
1056
1072
1068
1004
968
1028
1044
1068
1032
1036
1020
1044
1012
1000
1016
1012
1004
988
976
988
1020
1008
968
1004
1016
1004
996
1012
1028
1008
1036
1036
1016
976
952
980
1040
1024
1040
992
1000
1020
1004
944
872
872
904
924
888
908
924
948
976
968
968
976
976
988
980
1004
972
996
1028
996
976
940
968
980
980
976
1016
984
1024
1044
1028
1016
1012
996
988
984
960
944
1004
988
992
980
976
992
964
936
916
860
860
956
932
972
1000
996
956
900
920
924
936
928
920
904
916
928
948
960
936
920
960
988
960
936
920
936
932
932
920
932
948
952
972
976
960
952
948
944
968
988
980
960
964
980
948
1012
1008
992
972
1052
1016
1004
1000
1000
1000
1016
984
992
1012
992
984
1012
1008
984
1000
1004
992
984
960
984
996
1012
992
996
1008
992
988
968
1020
1020
1028
984
952
888
936
972
948
940
912
964
988
988
984
956
968
948
976
932
944
988
1036
1056
1004
912
976
972
984
928
960
948
968
984
1008
1028
968
980
968
984
1012
964
960
1000
976
884
920
1024
1024
992
980
988
964
1012
1000
972
1028
984
1004
988
1024
1012
1024
1032
1040
1048
1000
976
976
996
980
980
976
984
968
1016
996
996
1000
1032
1056
1080
1136
1096
1092
1132
1076
1120
1076
1020
988
1060
1056
1072
1048
1012
1000
1068
1076
1076
1076
1044
996
1084
1096
1092
1128
1168
1076
1064
1024
984
996
1028
1064
1036
1072
1052
1036
1056
1076
1072
1072
1036
924
980
996
1028
996
1004
948
992
1000
988
980
988
1016
1012
1020
980
988
960
1024
1000
1008
1048
988
1036
1076
1100
1020
1100
1096
1088
1060
1040
1068
1052
1056
1060
1044
1020
1040
1036
996
976
1016
1068
1004
1040
1000
1008
964
892
976
1016
1032
1152
1228
1144
1084
1032
1092
1008
1044
980
1016
1008
1012
1012
1060
1064
1064
1092
1076
1092
1132
1044
1040
1044
1088
1104
1080
1100
1048
1052
1084
1076
1064
1064
1020
1056
1064
1048
1036
1064
1040
1032
1048
1048
1036
1000
1040
1012
1020
1012
996
996
1036
1020
1012
1048
1016
916
984
1004
1032
1004
1024
1044
1068
1056
1032
1016
1000
1000
980
984
1008
1024
1004
992
984
996
1000
1000
968
956
996
984
992
940
1032
1048
1012
1056
1120
1124
1040
1040
1020
1032
1024
1012
1024
1000
1004
968
1000
1024
1000
968
1004
984
952
1004
992
984
956
988
1000
976
1000
992
952
980
964
1000
1016
988
972
984
968
932
956
992
992
980
996
984
948
916
876
892
952
988
948
980
956
996
1008
1028
1024
1020
1028
1012
1000
1004
996
980
976
1016
1012
992
956
964
1000
984
988
964
976
976
1000
940
916
936
928
924
912
916
972
968
1004
984
976
1008
1008
988
1036
1024
988
976
1004
996
968
980
980
996
1012
1028
1032
1008
1008
1028
1008
1016
980
984
972
968
976
976
968
968
936
980
1012
1048
1020
1024
884
964
912
888
892
908
920
924
956
900
944
952
928
904
920
936
932
960
984
1008
972
972
968
1004
1000
1012
960
948
972
980
972
996
1020
1036
1032
1024
1048
1020
1020
1024
1008
1012
1012
1008
992
1016
1012
1008
1012
1016
1008
1000
984
940
944
888
872
928
956
952
996
1004
980
940
1004
992
960
932
964
988
1000
1012
1008
1028
1084
1056
972
1040
1032
992
1024
1044
1052
1048
1020
1032
1024
1044
1020
1048
1036
1032
1012
1012
996
1004
1024
1012
980
976
1028
1072
1052
1004
1044
1012
1024
1024
1024
1040
1020
1052
1020
992
1004
992
996
1004
1016
992
992
1048
1052
992
1052
1040
1024
1036
1064
1052
1036
1060
1008
1004
976
1012
1016
1040
1080
1052
1004
1028
1028
992
988
1048
996
972
976
1008
980
1024
1020
1008
1012
988
1044
1012
1020
972
1024
980
984
1008
964
928
916
884
952
968
988
980
980
980
1008
1048
996
988
1024
992
992
1016
1020
1004
996
1008
1000
988
976
920
948
968
904
932
976
1012
976
952
936
960
1016
964
984
948
960
952
992
988
1004
952
932
912
932
936
944
960
932
964
948
924
960
964
944
912
896
860
888
908
928
908
948
936
968
964
952
1016
992
960
968
1004
1008
968
956
980
972
948
984
1004
1020
1024
1016
988
1004
1004
1016
1000
1068
1044
1036
1032
1100
1008
1024
988
1020
1020
1020
976
976
1016
956
960
936
920
956
992
952
956
976
988
980
936
944
964
936
908
888
984
968
988
1012
1020
1024
1016
1004
992
984
968
976
972
992
1008
1040
1004
988
1000
1000
1028
972
992
992
972
960
952
952
996
976
1028
960
988
960
988
1044
1012
1012
956
980
980
1008
908
960
968
1000
972
952
1000
984
976
984
1032
996
988
1004
996
1004
1052
1012
1052
1064
1028
1012
1068
1076
1016
1048
1036
1044
1060
1000
1016
1040
1068
1060
1032
1052
1072
1060
1076
1084
1052
1036
1028
1012
980
896
1012
1016
1012
1044
1052
1068
1052
1064
1052
1060
1080
1100
1044
1008
1076
1084
1076
1080
1024
1040
1064
1044
1024
1052
1056
1020
1008
1072
1048
1124
1084
1096
1092
1088
1096
1116
1108
1088
1076
1080
1104
1104
1116
1024
1056
1072
1048
1040
1028
1072
1052
992
1028
1080
1020
972
1056
1104
1032
1052
1060
1060
1068
1068
1052
1084
1100
1056
1052
1048
1052
1048
1028
1036
1016
1064
1060
1016
1064
1064
1036
984
1048
1040
996
956
1060
1048
1012
1056
1084
1032
1048
1056
1060
1064
1088
1084
1040
1000
1032
1056
1040
1024
1032
1020
988
1036
1040
1024
1052
1048
1004
976
980
1012
984
984
960
964
944
980
992
948
968
996
984
1004
972
1004
1044
1020
1012
988
964
980
1012
976
992
984
968
944
1016
976
968
956
952
940
956
928
956
980
996
1000
1028
1024
1008
996
976
956
944
928
976
972
980
984
1020
980
1000
956
988
972
940
972
948
980
992
968
980
996
984
988
964
980
976
992
976
980
984
952
960
928
956
960
968
968
944
960
984
960
956
960
956
960
948
924