768
784
788
792
776
788
796
792
784
784
792
788
776
776
800
796
784
780
788
792
784
772
772
792
792
784
788
816
820
804
796
808
812
804
796
800
808
800
792
792
812
812
792
796
808
800
784
772
780
788
780
772
796
812
788
788
792
812
804
788
788
804
792
784
784
808
812
784
788
816
812
792
800
812
816
808
812
828
828
804
812
832
816
808
808
824
828
804
808
816
816
804
808
812
808
792
800
800
784
776
788
800
796
772
784
788
788
764
776
788
788
772
776
796
792
784
776
780
784
784
776
764
780
780
780
780
784
788
796
784
776
780
792
796
784
772
780
784
784
764
776
784
780
760
768
772
780
772
768
772
788
788
772
776
788
784
772
764
788
784
764
756
776
776
768
760
776
788
780
748
764
756
756
768
760
744
752
764
768
752
764
764
756
772
752
764
752
792
756
764
772
772
768
772
784
780
800
784
796
804
784
788
808
808
784
776
792
768
748
760
748
740
740
744
748
760
756
756
760
776
768
764
768
764
760
748
748
744
752
748
748
756
756
752
744
768
772
776
768
784
804
808
804
804
820
816
792
792
792
796
772
772
784
788
784
776
772
788
792
792
776
776
780
780
792
788
780
788
796
788
780
788
788
780
776
776
788
788
784
784
804
792
780
780
780
760
764
780
772
760
772
776
772
772
780
764
764
768
752
768
740
752
760
752
772
776
760
756
772
772
752
760
752
760
740
748
760
768
772
768
776
804
812
780
792
792
780
768
756
744
740
752
760
760
752
760
768
788
784
776
792
828
824
792
792
812
804
812
788
804
816
808
796
804
824
828
808
808
836
812
800
812
820
796
792
800
820
792
796
804
808
784
784
808
788
772
772
784
792
792
780
784
800
796
780
780
800
796
772
780
792
796
788
780
788
792
776
772
788
784
788
784
788
808
800
792
800
808
808
788
788
796
792
768
760
792
788
768
764
780
784
772
768
792
784
768
772
784
784
776
768
788
780
764
772
792
784
788
776
796
800
772
784
800
780
772
784
792
480
1100
772
776
776
776
768
764
788
784
776
776
796
788
792
784
792
804
808
792
800
808
804
788
780
788
796
792
780
776
796
800
784
772
788
800
800
788
792
800
800
788
788
792
800
784
780
792
796
780
772
772
788
780
760
768
780
780
768
764
780
776
760
752
780
764
748
760
788
788
776
776
784
792
772
772
784
792
776
776
788
796
776
776
784
764
800
768
776
768
780
776
768
768
784
780
784
768
764
772
780
764
764
776
788
776
784
780
800
780
776
776
792
784
772
768
772
772
760
768
776
776
764
760
780
772
760
760
772
768
760
752
772
772
768
752
772
780
784
772
764
768
776
776
776
768
784
780
776
772
788
788
788
776
792
796
800
788
780
780
784
784
788
768
776
784
776
768
776
784
780
780
764
780
776
768
760
756
784
772
776
764
780
796
796
776
776
772
792
776
768
776
772
776
800
788
784
792
800
788
772
768
772
780
780
764
768
788
788
780
772
760
780
772
768
764
768
772
776
760
772
780
788
792
780
780
788
796
796
780
784
800
800
788
788
800
796
800
776
788
800
800
792
780
796
800
788
776
788
776
764
780
788
784
776
780
800
772
772
776
776
752
756
768
756
752
764
784
764
760
772
768
764
772
780
772
760
768
772
760
756
764
768
756
764
776
764
772
784
792
820
724
768
764
744
732
752
744
760
768
780
760
752
756
772
760
768
760
744
748
760
760
740
772
776
768
772
772
780
768
792
788
792
808
824
796
792
816
812
804
788
800
272
536
744
800
808
772
796
804
788
776
796
808
800
780
836
796
812
848
848
852
820
824
848
848
820
820
844
856
836
824
844
860
852
856
832
840
808
828
828
820
804
824
852
852
816
820
840
840
800
800
828
824
812
804
828
824
800
808
828
816
784
808
784
784
768
788
808
812
816
800
824
848
848
840
820
856
844
868
820
836
856
848
820
812
796
784
780
780
756
796
776
784
792
800
788
804
812
820
848
844
840
840
848
824
840
820
836
848
824
824
452
260
944
820
792
788
800
820
828
856
788
860
840
816
844
860
864
828
828
852
856
848
824
848
840
852
816
840
844
844
812
808
828
820
820
796
824
836
852
816
812
832
820
828
792
812
796
820
788
800
804
788
784
784
800
796
772
780
796
784
772
768
788
788
772
768
792
776
768
768
792
796
792
780
800
812
804
788
796
808
812
780
788
800
784
804
788
792
804
824
788
800
792
824
784
792
796
812
792
796
804
788
796
800
816
816
796
820
796
780
792
776
800
780
804
800
780
784
788
788
768
768
784
772
752
772
768
756
760
768
768
772
768
760
764
772
748
764
784
764
772
788
768
788
772
812
768
788
776
764
780
780
780
784
776
748
740
764
740
732
736
736
724
732
748
756
764
772
756
760
732
732
744
740
740
712
724
732
768
732
728
772
752
752
756
764
760
788
792
800
788
800
816
808
804
780
792
800
796
772
776
792
796
792
768
776
796
772
756
740
764
788
736
680
740
760
764
760
784
784
788
776
768
756
784
772
760
752
768
772
780
780
760
760
760
764
780
792
796
780
784
808
780
820
820
824
808
788
760
760
752
744
744
740
744
736
720
740
728
732
716
724
740
776
828
832
808
832
860
840
836
800
812
812
816
800
784
804
808
796
792
772
764
748
744
728
732
736
744
760
752
748
764
784
800
800
784
796
776
784
772
792
796
780
776
780
772
764
760
756
780
780
780
780
764
796
792
780
764
752
756
756
760
764
756
756
768
756
748
776
792
796
776
772
792
772
752
752
772
760
760
752
760
752
748
752
768
760
748
748
772
772
788
776
772
784
808
800
776
772
776
784
792
752
760
784
784
780
776
784
800
792
780
784
792
780
788
756
764
776
788
780
772
780
772
760
760
772
752
752
772
768
772
760
768
780
784
780
772
788
800
800
784
780
800
808
800
784
804
796
792
776
784
784
792
776
764
788
784
776
768
776
788
780
772
780
792
780
776
784
792
796
776
788
804
796
780
772
804
792
780
772
788
772
756
760
752
740
752
744
752
744
764
736
736
752
752
744
728
756
756
748
744
760
780
768
764
780
788
784
780
780
796
800
800
772
784
796
792
776
772
772
788
776
776
756
768
776
776
780
756
772
788
784
776
768
788
788
788
768
772
788
788
780
760
772
788
784
768
780
796
800
768
780
800
796
784
772
784
796
784
768
776
784
784
768
772
784
784
764
764
780
780
776
764
784
776
772
752
756
772
760
756
764
788
784
788
772
784
800
788
776
792
796
796
776
784
808
804
784
800
804
804
788
780
792
796
792
772
792
796
784
768
784
780
768
752
776
784
768
764
776
800
796
788
792
800
800
776
780
788
784
776
772
788
792
780
768
776
788
784
756
768
784
776
756
760
776
776
756
756
772
768
752
752
760
760
760
748
764
772
768
756
752
768
768
768
752
768
780
776
760
764
780
784
776
772
784
788
776
772
768
772