876
928
1004
1000
1016
968
1040
1032
992
956
960
964
952
988
1004
940
952
980
960
988
1028
1040
1044
1004
1028
1052
1024
1044
1076
1048
1028
1016
1064
1084
1072
1012
1060
1080
1052
1000
1028
1004
1012
1016
1020
1048
1056
1008
1064
1076
1068
1056
1080
1048
1036
980
1040
1060
1072
1064
1008
964
1028
1044
1072
1032
1036
1020
1040
1012
1000
1020
1012
1004
984
980
984
1024
1004
968
1004
1016
1004
1000
1008
1028
1008
1036
1036
1020
976
948
980
1040
1024
1040
996
996
1020
1004
944
876
868
904
928
884
912
924
948
976
964
972
976
972
988
984
1004
968
1000
1024
1000
976
936
972
976
980
980
1012
984
1024
1044
1028
1020
1008
996
988
988
956
944
1004
992
988
980
976
992
968
932
920
860
856
956
932
972
1004
992
956
900
924
924
932
928
920
908
912
928
948
960
936
920
964
984
964
932
924
932
932
932
924
928
952
948
972
980
960
952
948
944
968
988
976
960
968
976
952
1008
1012
988
972
1056
1012
1008
996
1000
1004
1012
984
992
1016
988
984
1012
1008
988
996
1008
988
988
956
984
1000
1012
992
992
1012
988
992
964
1024
1016
1028
984
952
892
932
972
948
940
916
960
992
984
988
952
968
952
976
928
944
992
1032
1056
968
948
976
976
976
932
960
948
972
984
1008
1024
972
980
968
984
1008
968
956
1000
980
884
916
1028
1024
988
980
988
964
1016
1000
972
1024
988
1000
988
1028
1012
1020
1036
1036
1052
996
976
976
996
984
976
976
984
968
1016
996
996
1000
1032
1056
1080
1140
1096
1088
1132
1080
1120
1072
1024
988
1056
1060
1068
1048
1012
1000
1068
1076
1076
1080
1040
1000
1080
1096
1092
1132
1168
1072
1068
1020
984
1000
1028
1056
1040
1076
1048
1040
1052
1076
1072
1072
1036
924
980
996
1028
1000
996
952
992
1000
988
988
980
1016
1016
1016
984
984
964
1024
996
1008
1048
992
1032
1076
1104
1020
1096
1096
1088
1060
1040
1068
1056
1052
1064
1040
1020
1040
1036
1000
972
1016
1072
1004
1032
1004
1008
964
892
980
1012
1028
1152
1232
1148
1080
1032
1096
1008
1040
980
1016
1008
1012
1012
1060
1064
1060
1096
1096
1092
1112
1044
1044
1040
1092
1100
1080
1100
1048
1056
1080
1076
1064
1068
1016
1056
1064
1052
1036
1060
1040
1032
1048
1048
1036
1000
1040
1012
1024
1012
996
992
1036
1020
1016
1044
1016
916
984
1008
1028
1008
1036
1028
1072
1052
1032
1020
996
1000
980
984
1012
1020
1004
992
984
996
1000
1000
968
960
992
984
992
964
1008
1048
1012
1056
1116
1132
1036
1040
1020
1032
1024
1012
1024
1000
1004
972
1000
1020
1000
972
1000
988
964
988
988
988
956
988
1000
976
1000
992
952
980
964
996
1020
988
972
984
968
948
944
988
992
980
996
984
948
916
876
892
956
984
948
980
956
996
1008
1028
1024
1032
1016
1012
1000
1004
1012
984
960
1016
1008
996
952
980
984
984
988
964
976
976
1000
940
916
940
924
924
912
916
972
968
1004
984
980
1004
1008
992
1032
1024
992
972
1004
996
964
984
980
1000
1008
1028
1028
1012
1008
1028
1008
1012
984
980
972
972
976
976
968
964
940
980
1008
1052
1020
984
924
964
908
892
892
908
916
928
956
900
944
952
928
904
920
936
932
960
984
1008
976
972
964
1004
1000
1012
960
948
972
980
972
1000
1016
1036
1032
1024
1048
1020
1020
1028
1008
1008
1016
1004
992
1016
1012
1008
1012
1016
1008
1000
984
940
944
892
868
928
956
952
1000
1000
980
940
1004
996
960
932
960
992
996
1012
1008
1032
1076
1060
972
1040
1032
992
1028
1044
1052
1048
1016
1036
1020
1044
1024
1044
1036
1036
1008
1012
996
1008
1020
1012
984
972
1028
1076
1048
1004
1044
1016
1024
1020
1024
1040
1020
1052
1020
996
1000
992
996
1004
1016
992
996
1048
1048
992
1052
1040
1024
1040
1060
1056
1032
1064
1004
1004
976
1012
1012
1044
1080
1052
1004
1028
1028
996
988
1044
996
972
976
1008
980
1024
1020
1008
1012
988
1048
1008
1024
968
1024
980
984
1008
964
928
916
884
952
972
984
980
984
976
1008
1052
992
992
1024
988
992
1020
1016
1004
996
1008
1004
984
980
920
944
968
904
932
980
1008
976
952
940
956
1020
960
984
948
964
948
996
984
1004
956
928
912
932
936
944
964
932
960
952
924
956
968
940
916
892
864
888
904
928
908
952
932
968
968
948
1016
992
964
964
1008
1004
972
952
984
972
948
984
1000
1020
1024
1016
988
1004
1008
1012
1000
1072
1040
1036
1028
1072
1036
1032
988
1016
1024
1016
976
976
1016
956
960
936
920
956
992
952
968
964
992
976
936
944
964
936
912
884
984
968
988
1012
1020
1028
1012
1000
996
984
968
976
972
992
1008
1040
1008
984
1000
1000
1032
964
996
988
976
960
956
948
992
980
1028
960
988
960
988
1044
1008
1016
956
980
980
1008
904
960
972
996
968
956
1008
980
976
984
1028
1000
988
1004
996
1004
1052
1012
1052
1064
1028
1008
1072
1072
1020
1048
1036
1044
1060
1000
1016
1040
1064
1064
1028
1056
1068
1064
1076
1084
1052
1036
1028
1012
980
896
1012
1016
1012
1044
1052
1072
1052
1060
1052
1064
1080
1100
1040
1008
1076
1084
1076
1084
1024
1040
1060
1044
1024
1052
1056
1020
1008
1072
1048
1124
1084
1100
1088
1092
1092
1120
1104
1092
1072
1080
1108
1104
1116
1020
1060
1068
1052
1036
1032
1068
1052
992
1028
1084
1016
972
1056
1108
1032
1048
1064
1056
1068
1068
1052
1084
1100
1060
1048
1048
1052
1048
1028
1036
1020
1060
1060
1020
1060
1064
1036
984
1052
1036
996
956
1056
1052
1012
1056
1084
1032
1048
1056
1060
1064
1092
1080
1040
1000
1032
1056
1040
1024
1032
1020
988
1032
1044
1024
1052
1048
1004
976
980
1012
980
988
960
964
944
976
996
948
972
992
984
1004
972
1004
1044
1020
1012
988
964
980
1012
976
992
984
968
940
1020
976
968
956
952
940
956
928
956
980
1000
996
1028
1024
1008
996
976
952
948
928
976
972
980
980
1024
980
1000
956
984
976
940
972
948
980
992
968
980
996
984
988
968
980
972
988
980
980
984
952
964
924
956
960
968
968
944
960
984
960
956
964
952
960
948
924