1152
1132
1096
1088
1120
1128
1116
1052
1080
1112
1092
1064
1052
1096
1084
1032
1016
1080
1152
1124
1116
1144
1156
1116
1124
1148
1132
1092
1100
1132
1100
1068
1052
1116
1144
1116
1100
1116
1072
1064
1116
1176
1188
1128
1108
1140
1144
1100
1104
1144
1136
1132
1172
1196
1168
1132
1144
1172
1144
1068
1100
1112
1084
1120
1140
1076
1040
1012
1068
1104
1072
1088
1108
1124
1092
1072
1096
1140
1152
1136
1144
1156
1124
1088
1116
1128
1092
1040
1092
1120
1084
1092
1140
1172
1144
1116
1164
1164
1076
1048
1088
1132
1124
1068
1180
1216
1184
1212
1212
1164
1092
1132
1132
1112
1140
1136
1140
1040
988
1120
1128
1164
1108
1100
1208
1212
1172
1232
1252
1248
1188
1216
1160
1172
1176
1168
1140
1120
1108
1136
1116
1124
1172
1152
1104
1120
1152
1164
1104
1152
1196
1184
1132
1164
1176
1132
1080
1092
1120
1120
1072
1112
1148
1096
1052
1056
1116
1108
1108
1196
1200
1176
1180
1128
1084
992
1020
1068
1104
1016
1052
1164
1216
1180
1176
1208
1216
1196
1232
1204
1092
1040
1072
1100
1128
1048
1036
1052
1056
1020
1068
1120
1132
1108
1148
1172
1168
1112
1144
1168
1176
1136
1128
1124
1084
1020
1056
1100
1092
1092
1200
1216
1172
1136
1156
1128
1072
1088
1172
1184
1156
1188
1216
1188
1084
1004
1012
984
1040
1104
1156
1088
1152
1172
1116
1132
1196
1148
1124
1152
1152
1120
1036
1116
1172
1132
1116
1140
1132
1180
1232
1168
1144
1164
1184
1148
1184
1192
1200
1164
1192
1180
1144
1152
1200
1216
1164
1080
1092
1152
1124
1100
1144
1152
1124
1116
1140
1180
1108
1028
1044
1100
1056
1068
1084
1172
1212
1200
1136
1100
1144
1164
1156
1204
1208
1160
1072
1132
1124
1104
1080
1108
1112
1088
1036
1080
1116
1072
1140
1212
1228
1160
1144
1144
1132
1144
1156
1176
1204
1144
1096
1048
996
988
980
1004
1060
1156
1108
1180
1236
1220
1196
1156
1148
1112
1148
1180
1188
1152
1172
1096
1060
996
1124
1304
1240
1208
1164
1168
1240
1236
1212
1204
1220
1188
1140
1156
1212
1192
1164
1200
1204
1168
1136
1116
1136
1096
1052
1020
1040
1068
1080
1100
1164
1212
1172
1132
1140
1156
1180
1136
1076
1132
1148
1104
1140
1152
1132
1088
1036
1024
1028
1024
1132
1208
1192
1100
1116
1196
1176
1136
1228
1212
1112
1128
1144
1112
1084
1160
1132
1160
1104
1096
1168
1216
1192
1220
1264
1208
1128
1176
1212
1224
1168
1168
1140
1112
1052
1140
1192
1172
1148
1152
1140
1108
1112
1128
1144
1156
1096
1076
1116
1148
1168
1120
1128
1120
1120
1068
1052
1104
1152
1124
1136
1180
496
1428
1068
1132
1172
1200
1188
1244
1236
1204
1172
1224
1244
1196
1128
1120
1132
1152
1152
1120
1152
1148
1116
1052
1076
1088
1084
1028
1100
1132
1136
1112
1176
1196
1148
1144
1156
1152
1076
1120
1132
1056
1056
1116
1144
1148
1164
1216
1260
1204
1172
1180
1124
1092
1056
1056
1060
1052
1128
1176
1116
1100
1168
1204
1144
1144
1168
1164
1104
1132
1168
1156
1088
1104
1156
1172
1096
1120
1164
1160
1100
1152
1160
1124
1172
1212
1172
1112
1052
1112
1132
1160
1212
1220
1180
1128
1132
1152
1164
1104
1148
1168
1156
1136
1172
1180
1184
1108
1112
1136
1164
1104
1064
1096
1144
1092
1088
1124
1116
1112
1164
1152
1108
1076
1128
1104
1100
1052
1048
1076
1056
984
1020
1040
1048
1104
1236
1228
1140
1120
1156
1160
1116
1104
1124
1088
1020
1072
1096
1140
1072
1080
1044
1012
1024
1064
1080
1072
1092
1148
1152
1060
1096
1124
1148
1144
1112
1136
1124
1096
1100
1124
504
1428
1036
1020
1060
1028
1084
1184
1192
1232
1160
1064
1040
956
960
1020
1016
1000
1080
1164
1120
1164
1168
1140
1112
1160
1148
1120
1092
1096
1080
1092
1120
1120
1124
1088
1176
1204
1144
1144
1140
1112
1072
1084
1084
1092
1064
1068
1080
1140
1068
1012
1040
1032
1064
1016
1024
1056
1012
1016
1144
1236
1212
1268
1220
1164
1216
1180
1184
1128
1124
1144
1128
1064
1056
1128
1112
1200
1252
1232
1236
1280
1280
1204
1172
1192
1200
1172
1160
1212
1192
1148
1104
1112
1120
1144
1140
1128
1152
1092
1036
1076
1156
1136
1072
1100
1128
1132
1080
1112
1136
1120
1100
1120
1112
1112
1048
1116
1104
1072
1040
1108
1136
1124
1112
1152
1100
1032
1032
1104
1136
1108
1108
1176
1176
1144
1140
1156
1128
1120
1152
1180
1172
1108
1116
1060
1072
1076
1100
1112
1108
1116
1120
1148
1108
1164
1196
1212
1136
1144
1172
1212
1196
1164
1156
1172
1152
1144
1152
1192
1128
1032
1004
1004
1056
1012
1020
1072
1120
1092
1052
1096
1124
1132
1136
1208
1204
1112
1064
1060
1104
1124
1092
1148
1116
1024
1036
1056
1076
1064
1136
1176
1136
1080
1100
1116
1136
1108
1132
1128
1036
1000
1044
1080
1092
1072
1080
1120
1136
1104
1128
1164
1148
1116
1124
1116
1136
1120
1116
1164
1148
1108
1104
1104
1092
1024
1064
1088
1088
1036
1060
1080
1072
1028
1080
1152
1164
1108
1152
1156
1144
1148
1236
1224
1164
1192
1164
1164
1124
1168
1172
1140
1116
1136
1152
1140
1112
1136
1116
1084
1068
1108
1096
1048
1128
1172
1108
1052
1060
1076
1064
1104
1152
1132
1068
1092
1124
1112
1052
1080
1092
1068
1080
1128
1088
1068
1104
1160
1172
1112
1092
1120
1156
1112
1152
1156
1108
1076
1068
1076
1028
1020
1016
1036
1056
1012
1084
1112
1064
1052
1088
1092
1060
1080
1128
1156
1136
1120
1136
1116
1080
1132
1132
1068
1100
1156
1196
1124
1076
1064
1072
1064
1108
1132
1108
1084
1124
1180
1176
1144
1136
1120
1108
1072
1128
1156
1160
1088
1108
1128
1080
1032
1056
1084
1096
1048
1016
1076
1116
1120
1156
1196
1144
1080
1072
1096
1040
1004
1036
1036
1100
1080
1108
1168
1152
1068
1112
1140
1112
1100
1108
1132
1112
1136
1132
1088
1076
1072
1092
1128
1148
1124
1068
1076
1056
1028
1028
1056
1052
1036
1044
1064
1036
1024
1028
1092
1128
1180
1132
1072
1076
1160
1192
1164
1204
1216
1196
1192
1192
1176